 ,finalmodel.000.00.det_cont.csv,finalmodel.000.01.det_cont.csv,finalmodel.000.02.det_cont.csv,finalmodel.000.03.det_cont.csv,finalmodel.000.04.det_cont.csv,finalmodel.000.05.det_cont.csv,finalmodel.000.06.det_cont.csv,finalmodel.000.07.det_cont.csv,finalmodel.000.08.det_cont.csv,finalmodel.000.09.det_cont.csv,finalmodel.000.10.det_cont.csv,finalmodel.000.11.det_cont.csv,finalmodel.000.12.det_cont.csv,finalmodel.000.13.det_cont.csv,finalmodel.000.14.det_cont.csv,finalmodel.000.15.det_cont.csv,finalmodel.000.16.det_cont.csv,finalmodel.000.17.det_cont.csv,finalmodel.000.18.det_cont.csv,finalmodel.000.19.det_cont.csv,finalmodel.000.20.det_cont.csv,finalmodel.000.21.det_cont.csv,finalmodel.000.22.det_cont.csv,finalmodel.000.23.det_cont.csv,finalmodel.000.24.det_cont.csv,finalmodel.000.25.det_cont.csv,finalmodel.000.26.det_cont.csv,finalmodel.000.27.det_cont.csv,finalmodel.000.28.det_cont.csv,finalmodel.000.29.det_cont.csv
finalmodel.000.00.det_cont.csv,1.000,0.161,0.133,0.300,0.531,0.280,0.267,0.426,0.309,0.061,0.314,0.476,0.138,0.000,0.172,0.404,0.319,0.556,0.119,0.000,0.000,0.063,0.000,0.041,0.421,0.033,0.245,0.175,0.241,0.432
finalmodel.000.01.det_cont.csv,0.161,1.000,0.258,0.500,0.308,0.121,0.340,0.100,0.519,0.516,0.426,0.161,0.615,0.183,0.418,0.333,0.440,0.212,0.188,0.136,0.067,0.000,0.200,0.426,0.123,0.431,0.224,0.481,0.242,0.217
finalmodel.000.02.det_cont.csv,0.133,0.258,1.000,0.127,0.080,0.429,0.260,0.141,0.147,0.368,0.106,0.115,0.404,0.031,0.321,0.161,0.193,0.118,0.674,0.068,0.152,0.028,0.062,0.297,0.224,0.062,0.314,0.177,0.521,0.169
finalmodel.000.03.det_cont.csv,0.300,0.500,0.127,1.000,0.560,0.117,0.463,0.228,0.786,0.268,0.750,0.327,0.400,0.067,0.392,0.468,0.667,0.377,0.062,0.000,0.000,0.000,0.048,0.231,0.267,0.294,0.231,0.458,0.186,0.404
finalmodel.000.04.det_cont.csv,0.531,0.308,0.080,0.560,1.000,0.167,0.296,0.429,0.545,0.149,0.569,0.500,0.225,0.042,0.246,0.491,0.415,0.456,0.053,0.000,0.000,0.026,0.042,0.139,0.264,0.206,0.175,0.270,0.176,0.462
finalmodel.000.05.det_cont.csv,0.280,0.121,0.429,0.117,0.167,1.000,0.283,0.255,0.121,0.156,0.095,0.306,0.188,0.000,0.400,0.259,0.164,0.161,0.447,0.000,0.014,0.000,0.000,0.113,0.400,0.016,0.500,0.169,0.468,0.275
finalmodel.000.06.det_cont.csv,0.267,0.340,0.260,0.463,0.296,0.283,1.000,0.265,0.457,0.206,0.378,0.326,0.302,0.057,0.432,0.452,0.462,0.275,0.196,0.000,0.000,0.000,0.056,0.143,0.324,0.160,0.273,0.348,0.240,0.318
finalmodel.000.07.det_cont.csv,0.426,0.100,0.141,0.228,0.429,0.255,0.265,1.000,0.242,0.011,0.286,0.489,0.068,0.000,0.177,0.392,0.218,0.442,0.164,0.000,0.000,0.029,0.047,0.000,0.439,0.046,0.245,0.091,0.241,0.360
finalmodel.000.08.det_cont.csv,0.309,0.519,0.147,0.786,0.545,0.121,0.457,0.242,1.000,0.311,0.711,0.358,0.424,0.076,0.393,0.462,0.636,0.356,0.086,0.015,0.000,0.000,0.059,0.279,0.255,0.327,0.246,0.481,0.222,0.404
finalmodel.000.09.det_cont.csv,0.061,0.516,0.368,0.268,0.149,0.156,0.206,0.011,0.311,1.000,0.243,0.048,0.623,0.211,0.388,0.167,0.243,0.092,0.358,0.171,0.105,0.022,0.192,0.645,0.053,0.375,0.194,0.415,0.296,0.100
finalmodel.000.10.det_cont.csv,0.314,0.426,0.106,0.750,0.569,0.095,0.378,0.286,0.711,0.243,1.000,0.367,0.339,0.082,0.377,0.479,0.595,0.389,0.044,0.016,0.000,0.014,0.047,0.206,0.255,0.283,0.200,0.412,0.161,0.417
finalmodel.000.11.det_cont.csv,0.476,0.161,0.115,0.327,0.500,0.306,0.326,0.489,0.358,0.048,0.367,1.000,0.138,0.000,0.214,0.571,0.319,0.373,0.119,0.000,0.000,0.000,0.016,0.013,0.500,0.050,0.245,0.155,0.241,0.615
finalmodel.000.12.det_cont.csv,0.138,0.615,0.404,0.400,0.225,0.188,0.302,0.068,0.424,0.623,0.339,0.138,1.000,0.106,0.429,0.238,0.396,0.171,0.345,0.062,0.079,0.000,0.088,0.483,0.119,0.250,0.217,0.362,0.362,0.210
finalmodel.000.13.det_cont.csv,0.000,0.183,0.031,0.067,0.042,0.000,0.057,0.000,0.076,0.211,0.082,0.000,0.106,1.000,0.117,0.102,0.052,0.000,0.016,0.647,0.169,0.138,0.564,0.267,0.000,0.319,0.053,0.222,0.065,0.000
finalmodel.000.14.det_cont.csv,0.172,0.418,0.321,0.392,0.246,0.400,0.432,0.177,0.393,0.388,0.377,0.214,0.429,0.117,1.000,0.385,0.417,0.152,0.333,0.033,0.000,0.000,0.062,0.297,0.304,0.278,0.558,0.553,0.404,0.302
finalmodel.000.15.det_cont.csv,0.404,0.333,0.161,0.468,0.491,0.259,0.452,0.392,0.462,0.167,0.479,0.571,0.238,0.102,0.385,1.000,0.404,0.345,0.167,0.034,0.000,0.000,0.100,0.125,0.526,0.218,0.327,0.315,0.315,0.558
finalmodel.000.16.det_cont.csv,0.319,0.440,0.193,0.667,0.415,0.164,0.462,0.218,0.636,0.243,0.595,0.319,0.396,0.052,0.417,0.404,1.000,0.400,0.100,0.000,0.000,0.000,0.000,0.203,0.317,0.235,0.298,0.489,0.241,0.465
finalmodel.000.17.det_cont.csv,0.556,0.212,0.118,0.377,0.456,0.161,0.275,0.442,0.356,0.092,0.389,0.373,0.171,0.000,0.152,0.345,0.400,1.000,0.057,0.000,0.040,0.087,0.029,0.062,0.240,0.109,0.150,0.190,0.154,0.365
finalmodel.000.18.det_cont.csv,0.119,0.188,0.674,0.062,0.053,0.447,0.196,0.164,0.086,0.358,0.044,0.119,0.345,0.016,0.333,0.167,0.100,0.057,1.000,0.070,0.156,0.029,0.048,0.246,0.261,0.047,0.354,0.109,0.511,0.155
finalmodel.000.19.det_cont.csv,0.000,0.136,0.068,0.000,0.000,0.000,0.000,0.000,0.015,0.171,0.016,0.000,0.062,0.647,0.033,0.034,0.000,0.000,0.070,1.000,0.250,0.148,0.541,0.200,0.000,0.208,0.037,0.127,0.069,0.000
finalmodel.000.20.det_cont.csv,0.000,0.067,0.152,0.000,0.000,0.014,0.000,0.000,0.000,0.105,0.000,0.000,0.079,0.169,0.000,0.000,0.000,0.040,0.156,0.250,1.000,0.562,0.148,0.076,0.000,0.029,0.000,0.000,0.027,0.000
finalmodel.000.21.det_cont.csv,0.063,0.000,0.028,0.000,0.026,0.000,0.000,0.029,0.000,0.022,0.014,0.000,0.000,0.138,0.000,0.000,0.000,0.087,0.029,0.148,0.562,1.000,0.117,0.000,0.000,0.015,0.000,0.000,0.000,0.000
finalmodel.000.22.det_cont.csv,0.000,0.200,0.062,0.048,0.042,0.000,0.056,0.047,0.059,0.192,0.047,0.016,0.088,0.564,0.062,0.100,0.000,0.029,0.048,0.541,0.148,0.117,1.000,0.262,0.000,0.340,0.034,0.175,0.098,0.000
finalmodel.000.23.det_cont.csv,0.041,0.426,0.297,0.231,0.139,0.113,0.143,0.000,0.279,0.645,0.206,0.013,0.483,0.267,0.297,0.125,0.203,0.062,0.246,0.200,0.076,0.000,0.262,1.000,0.015,0.529,0.152,0.439,0.262,0.068
finalmodel.000.24.det_cont.csv,0.421,0.123,0.224,0.267,0.264,0.400,0.324,0.439,0.255,0.053,0.255,0.500,0.119,0.000,0.304,0.526,0.317,0.240,0.261,0.000,0.000,0.000,0.000,0.015,1.000,0.000,0.472,0.157,0.439,0.486
finalmodel.000.25.det_cont.csv,0.033,0.431,0.062,0.294,0.206,0.016,0.160,0.046,0.327,0.375,0.283,0.050,0.250,0.319,0.278,0.218,0.235,0.109,0.047,0.208,0.029,0.015,0.340,0.529,0.000,1.000,0.127,0.511,0.097,0.103
finalmodel.000.26.det_cont.csv,0.245,0.224,0.314,0.231,0.175,0.500,0.273,0.245,0.246,0.194,0.200,0.245,0.217,0.053,0.558,0.327,0.298,0.150,0.354,0.037,0.000,0.000,0.034,0.152,0.472,0.127,1.000,0.320,0.535,0.319
finalmodel.000.27.det_cont.csv,0.175,0.481,0.177,0.458,0.270,0.169,0.348,0.091,0.481,0.415,0.412,0.155,0.362,0.222,0.553,0.315,0.489,0.190,0.109,0.127,0.000,0.000,0.175,0.439,0.157,0.511,0.320,1.000,0.200,0.283
finalmodel.000.28.det_cont.csv,0.241,0.242,0.521,0.186,0.176,0.468,0.240,0.241,0.222,0.296,0.161,0.241,0.362,0.065,0.404,0.315,0.241,0.154,0.511,0.069,0.027,0.000,0.098,0.262,0.439,0.097,0.535,0.200,1.000,0.308
finalmodel.000.29.det_cont.csv,0.432,0.217,0.169,0.404,0.462,0.275,0.318,0.360,0.404,0.100,0.417,0.615,0.210,0.000,0.302,0.558,0.465,0.365,0.155,0.000,0.000,0.000,0.000,0.068,0.486,0.103,0.319,0.283,0.308,1.000
