 ,f_min.final_model.000.00.det_cont.csv,f_min.final_model.000.01.det_cont.csv,f_min.final_model.000.02.det_cont.csv,f_min.final_model.000.03.det_cont.csv,f_min.final_model.000.04.det_cont.csv,f_min.final_model.000.05.det_cont.csv,f_min.final_model.000.06.det_cont.csv,f_min.final_model.000.07.det_cont.csv,f_min.final_model.000.08.det_cont.csv,f_min.final_model.000.09.det_cont.csv,f_min.final_model.000.10.det_cont.csv,f_min.final_model.000.11.det_cont.csv,f_min.final_model.000.12.det_cont.csv,f_min.final_model.000.13.det_cont.csv,f_min.final_model.000.14.det_cont.csv,f_min.final_model.000.15.det_cont.csv,f_min.final_model.000.16.det_cont.csv,f_min.final_model.000.17.det_cont.csv,f_min.final_model.000.18.det_cont.csv,f_min.final_model.000.19.det_cont.csv,f_min.final_model.000.20.det_cont.csv,f_min.final_model.000.21.det_cont.csv,f_min.final_model.000.22.det_cont.csv,f_min.final_model.000.23.det_cont.csv,f_min.final_model.000.24.det_cont.csv,f_min.final_model.000.25.det_cont.csv,f_min.final_model.000.26.det_cont.csv,f_min.final_model.000.27.det_cont.csv,f_min.final_model.000.28.det_cont.csv,f_min.final_model.000.29.det_cont.csv
f_min.final_model.000.00.det_cont.csv,1.000,0.228,0.044,0.000,0.015,0.535,0.383,0.018,0.033,0.131,0.039,0.030,0.046,0.365,0.076,0.000,0.605,0.737,0.053,0.130,0.308,0.000,0.386,0.706,0.373,0.100,0.311,0.086,0.138,0.302
f_min.final_model.000.01.det_cont.csv,0.228,1.000,0.157,0.000,0.000,0.333,0.119,0.236,0.286,0.179,0.000,0.099,0.000,0.421,0.246,0.149,0.386,0.246,0.321,0.479,0.300,0.000,0.076,0.153,0.290,0.585,0.030,0.106,0.310,0.015
f_min.final_model.000.02.det_cont.csv,0.044,0.157,1.000,0.139,0.041,0.000,0.000,0.211,0.141,0.667,0.304,0.681,0.039,0.367,0.640,0.418,0.127,0.100,0.092,0.358,0.000,0.024,0.014,0.045,0.373,0.200,0.000,0.000,0.540,0.081
f_min.final_model.000.03.det_cont.csv,0.000,0.000,0.139,1.000,0.571,0.013,0.086,0.000,0.028,0.159,0.475,0.197,0.436,0.025,0.038,0.068,0.000,0.000,0.000,0.014,0.053,0.500,0.108,0.000,0.013,0.000,0.148,0.233,0.055,0.098
f_min.final_model.000.04.det_cont.csv,0.015,0.000,0.041,0.571,1.000,0.059,0.164,0.000,0.030,0.056,0.288,0.088,0.609,0.000,0.000,0.028,0.014,0.029,0.000,0.000,0.104,0.519,0.196,0.032,0.027,0.000,0.275,0.353,0.000,0.170
f_min.final_model.000.05.det_cont.csv,0.535,0.333,0.000,0.013,0.059,1.000,0.449,0.032,0.062,0.042,0.000,0.000,0.057,0.262,0.041,0.000,0.500,0.500,0.119,0.175,0.396,0.025,0.426,0.524,0.246,0.151,0.354,0.150,0.075,0.265
f_min.final_model.000.06.det_cont.csv,0.383,0.119,0.000,0.086,0.164,0.449,1.000,0.000,0.000,0.000,0.000,0.000,0.141,0.118,0.000,0.000,0.276,0.392,0.016,0.000,0.404,0.141,0.535,0.400,0.172,0.000,0.600,0.447,0.000,0.298
f_min.final_model.000.07.det_cont.csv,0.018,0.236,0.211,0.000,0.000,0.032,0.000,1.000,0.500,0.117,0.027,0.222,0.000,0.131,0.327,0.477,0.063,0.000,0.526,0.283,0.082,0.042,0.000,0.000,0.153,0.325,0.000,0.017,0.185,0.000
f_min.final_model.000.08.det_cont.csv,0.033,0.286,0.141,0.028,0.030,0.062,0.000,0.500,1.000,0.109,0.095,0.094,0.061,0.141,0.259,0.278,0.127,0.030,0.550,0.260,0.111,0.114,0.000,0.000,0.161,0.390,0.000,0.016,0.172,0.000
f_min.final_model.000.09.det_cont.csv,0.131,0.179,0.667,0.159,0.056,0.042,0.000,0.117,0.109,1.000,0.313,0.571,0.069,0.481,0.481,0.288,0.219,0.190,0.062,0.346,0.000,0.024,0.029,0.098,0.386,0.231,0.015,0.000,0.562,0.102
f_min.final_model.000.10.det_cont.csv,0.039,0.000,0.304,0.475,0.288,0.000,0.000,0.027,0.095,0.313,1.000,0.359,0.279,0.111,0.169,0.162,0.035,0.062,0.013,0.053,0.024,0.377,0.026,0.041,0.072,0.000,0.026,0.025,0.149,0.119
f_min.final_model.000.11.det_cont.csv,0.030,0.099,0.681,0.197,0.088,0.000,0.000,0.222,0.094,0.571,0.359,1.000,0.027,0.295,0.491,0.415,0.055,0.072,0.062,0.278,0.000,0.077,0.015,0.031,0.238,0.105,0.000,0.000,0.423,0.067
f_min.final_model.000.12.det_cont.csv,0.046,0.000,0.039,0.436,0.609,0.057,0.141,0.000,0.061,0.069,0.279,0.027,1.000,0.013,0.026,0.000,0.041,0.057,0.000,0.000,0.101,0.448,0.211,0.065,0.068,0.000,0.241,0.315,0.014,0.280
f_min.final_model.000.13.det_cont.csv,0.365,0.421,0.367,0.025,0.000,0.262,0.118,0.131,0.141,0.481,0.111,0.295,0.013,1.000,0.367,0.219,0.455,0.426,0.109,0.469,0.162,0.000,0.143,0.302,0.473,0.294,0.094,0.028,0.571,0.098
f_min.final_model.000.14.det_cont.csv,0.076,0.246,0.640,0.038,0.000,0.041,0.000,0.327,0.259,0.481,0.169,0.491,0.026,0.367,1.000,0.444,0.159,0.132,0.246,0.440,0.013,0.012,0.000,0.045,0.397,0.294,0.000,0.000,0.540,0.063
f_min.final_model.000.15.det_cont.csv,0.000,0.149,0.418,0.068,0.028,0.000,0.000,0.477,0.278,0.288,0.162,0.415,0.000,0.219,0.444,1.000,0.070,0.014,0.264,0.308,0.000,0.122,0.000,0.000,0.222,0.170,0.000,0.000,0.304,0.000
f_min.final_model.000.16.det_cont.csv,0.605,0.386,0.127,0.000,0.014,0.500,0.276,0.063,0.127,0.219,0.035,0.055,0.041,0.455,0.159,0.070,1.000,0.562,0.150,0.273,0.262,0.000,0.321,0.558,0.463,0.306,0.259,0.043,0.230,0.275
f_min.final_model.000.17.det_cont.csv,0.737,0.246,0.100,0.000,0.029,0.500,0.392,0.000,0.030,0.190,0.062,0.072,0.057,0.426,0.132,0.014,0.562,1.000,0.015,0.136,0.298,0.012,0.396,0.684,0.434,0.089,0.327,0.113,0.220,0.319
f_min.final_model.000.18.det_cont.csv,0.053,0.321,0.092,0.000,0.000,0.119,0.016,0.526,0.550,0.062,0.013,0.062,0.000,0.109,0.246,0.264,0.150,0.015,1.000,0.245,0.153,0.027,0.000,0.000,0.111,0.410,0.000,0.033,0.119,0.000
f_min.final_model.000.19.det_cont.csv,0.130,0.479,0.358,0.014,0.000,0.175,0.000,0.283,0.260,0.346,0.053,0.278,0.000,0.469,0.440,0.308,0.273,0.136,0.245,1.000,0.078,0.000,0.016,0.054,0.392,0.556,0.000,0.000,0.558,0.000
f_min.final_model.000.20.det_cont.csv,0.308,0.300,0.000,0.053,0.104,0.396,0.404,0.082,0.111,0.000,0.024,0.000,0.101,0.162,0.013,0.000,0.262,0.298,0.153,0.078,1.000,0.135,0.255,0.269,0.083,0.125,0.196,0.392,0.014,0.103
f_min.final_model.000.21.det_cont.csv,0.000,0.000,0.024,0.500,0.519,0.025,0.141,0.042,0.114,0.024,0.377,0.077,0.448,0.000,0.012,0.122,0.000,0.012,0.027,0.000,0.135,1.000,0.100,0.000,0.000,0.000,0.154,0.317,0.000,0.059
f_min.final_model.000.22.det_cont.csv,0.386,0.076,0.014,0.108,0.196,0.426,0.535,0.000,0.000,0.029,0.026,0.015,0.211,0.143,0.000,0.000,0.321,0.396,0.000,0.016,0.255,0.100,1.000,0.475,0.224,0.000,0.667,0.231,0.015,0.500
f_min.final_model.000.23.det_cont.csv,0.706,0.153,0.045,0.000,0.032,0.524,0.400,0.000,0.000,0.098,0.041,0.031,0.065,0.302,0.045,0.000,0.558,0.684,0.000,0.054,0.269,0.000,0.475,1.000,0.360,0.019,0.357,0.089,0.103,0.385
f_min.final_model.000.24.det_cont.csv,0.373,0.290,0.373,0.013,0.027,0.246,0.172,0.153,0.161,0.386,0.072,0.238,0.068,0.473,0.397,0.222,0.463,0.434,0.111,0.392,0.083,0.000,0.224,0.360,1.000,0.300,0.211,0.014,0.520,0.294
f_min.final_model.000.25.det_cont.csv,0.100,0.585,0.200,0.000,0.000,0.151,0.000,0.325,0.390,0.231,0.000,0.105,0.000,0.294,0.294,0.170,0.306,0.089,0.410,0.556,0.125,0.000,0.000,0.019,0.300,1.000,0.000,0.018,0.326,0.000
f_min.final_model.000.26.det_cont.csv,0.311,0.030,0.000,0.148,0.275,0.354,0.600,0.000,0.000,0.015,0.026,0.000,0.241,0.094,0.000,0.000,0.259,0.327,0.000,0.000,0.196,0.154,0.667,0.357,0.211,0.000,1.000,0.292,0.000,0.486
f_min.final_model.000.27.det_cont.csv,0.086,0.106,0.000,0.233,0.353,0.150,0.447,0.017,0.016,0.000,0.025,0.000,0.315,0.028,0.000,0.000,0.043,0.113,0.033,0.000,0.392,0.317,0.231,0.089,0.014,0.018,0.292,1.000,0.000,0.113
f_min.final_model.000.28.det_cont.csv,0.138,0.310,0.540,0.055,0.000,0.075,0.000,0.185,0.172,0.562,0.149,0.423,0.014,0.571,0.540,0.304,0.230,0.220,0.119,0.558,0.014,0.000,0.015,0.103,0.520,0.326,0.000,0.000,1.000,0.051
f_min.final_model.000.29.det_cont.csv,0.302,0.015,0.081,0.098,0.170,0.265,0.298,0.000,0.000,0.102,0.119,0.067,0.280,0.098,0.063,0.000,0.275,0.319,0.000,0.000,0.103,0.059,0.500,0.385,0.294,0.000,0.486,0.113,0.051,1.000
