SARS-Cov2 RBD-binding antibodies,10977,10989,10933,10964,10984,10986,10954,10987
Reg_10977,0,0.723,1.118,0.97,0.744,1.098,0.688,1.035
Reg_10989,0.723,0,1.222,0.836,0.665,0.832,1.012,0.733
Reg_10933,1.118,1.222,0,1.197,1.025,1.033,0.985,0.591
Reg_10964,0.97,0.836,1.197,0,0.804,0.939,0.951,1.147
Reg_10984,0.744,0.665,1.025,0.804,0,0.556,0.729,0.69
Reg_10986,1.098,0.832,1.033,0.939,0.556,0,0.78,0.776
Reg_10954,0.688,1.012,0.985,0.951,0.729,0.78,0,0.787
Reg_10987,1.035,0.733,0.591,1.147,0.69,0.776,0.787,0