 ,model.000.00.pdb,model.000.01.pdb,model.000.02.pdb,model.000.03.pdb,model.000.04.pdb,model.000.05.pdb,model.000.06.pdb,model.000.07.pdb,model.000.08.pdb,model.000.09.pdb,model.000.10.pdb,model.000.11.pdb,model.000.12.pdb,model.000.13.pdb,model.000.14.pdb,model.000.15.pdb,model.000.16.pdb,model.000.17.pdb,model.000.18.pdb,model.000.19.pdb,model.000.20.pdb,model.000.21.pdb,model.000.22.pdb,model.000.23.pdb,model.000.24.pdb,model.000.25.pdb,model.000.26.pdb,model.000.27.pdb,model.000.28.pdb,model.000.29.pdb
model.000.00.pdb,1.000,0.500,0.139,0.000,0.145,0.000,0.049,0.479,0.469,0.000,0.080,0.529,0.250,0.122,0.000,0.206,0.587,0.620,0.761,0.543,0.062,0.000,0.000,0.073,0.233,0.509,0.442,0.000,0.000,0.000
model.000.01.pdb,0.500,1.000,0.286,0.016,0.169,0.035,0.070,0.605,0.550,0.000,0.000,0.259,0.429,0.038,0.016,0.108,0.615,0.392,0.420,0.794,0.000,0.000,0.000,0.000,0.422,0.250,0.300,0.000,0.000,0.000
model.000.02.pdb,0.139,0.286,1.000,0.281,0.082,0.380,0.117,0.183,0.143,0.000,0.000,0.083,0.429,0.045,0.200,0.079,0.197,0.141,0.141,0.224,0.000,0.000,0.121,0.000,0.396,0.111,0.087,0.000,0.000,0.000
model.000.03.pdb,0.000,0.016,0.281,1.000,0.228,0.538,0.375,0.016,0.000,0.014,0.000,0.000,0.130,0.000,0.658,0.000,0.000,0.000,0.000,0.016,0.000,0.000,0.444,0.000,0.182,0.000,0.000,0.100,0.000,0.000
model.000.04.pdb,0.145,0.169,0.082,0.228,1.000,0.119,0.509,0.283,0.302,0.000,0.000,0.087,0.218,0.000,0.211,0.000,0.207,0.114,0.147,0.214,0.000,0.000,0.060,0.000,0.291,0.041,0.108,0.108,0.000,0.000
model.000.05.pdb,0.000,0.035,0.380,0.538,0.119,1.000,0.217,0.036,0.017,0.000,0.000,0.000,0.239,0.000,0.405,0.000,0.000,0.000,0.000,0.036,0.000,0.000,0.298,0.000,0.245,0.000,0.000,0.033,0.000,0.000
model.000.06.pdb,0.049,0.070,0.117,0.375,0.509,0.217,1.000,0.119,0.118,0.000,0.000,0.012,0.138,0.000,0.434,0.000,0.069,0.024,0.049,0.087,0.000,0.000,0.219,0.000,0.219,0.000,0.013,0.254,0.000,0.013
model.000.07.pdb,0.479,0.605,0.183,0.016,0.283,0.036,0.119,1.000,0.794,0.000,0.000,0.288,0.439,0.000,0.017,0.029,0.632,0.400,0.458,0.622,0.000,0.000,0.000,0.000,0.400,0.211,0.391,0.000,0.000,0.000
model.000.08.pdb,0.469,0.550,0.143,0.000,0.302,0.017,0.118,0.794,1.000,0.000,0.000,0.360,0.395,0.000,0.000,0.029,0.658,0.392,0.449,0.605,0.000,0.000,0.000,0.000,0.362,0.228,0.413,0.000,0.000,0.000
model.000.09.pdb,0.000,0.000,0.000,0.014,0.000,0.000,0.000,0.000,0.000,1.000,0.473,0.000,0.000,0.243,0.029,0.155,0.000,0.000,0.000,0.000,0.410,0.577,0.121,0.467,0.000,0.000,0.000,0.172,0.596,0.283
model.000.10.pdb,0.080,0.000,0.000,0.000,0.000,0.000,0.000,0.000,0.000,0.473,1.000,0.132,0.000,0.492,0.000,0.286,0.014,0.111,0.127,0.000,0.771,0.588,0.014,0.740,0.000,0.162,0.121,0.042,0.574,0.206
model.000.11.pdb,0.529,0.259,0.083,0.000,0.087,0.000,0.012,0.288,0.360,0.000,0.132,1.000,0.100,0.143,0.000,0.200,0.380,0.510,0.540,0.264,0.139,0.026,0.000,0.105,0.094,0.617,0.651,0.000,0.000,0.043
model.000.12.pdb,0.250,0.429,0.429,0.130,0.218,0.239,0.138,0.439,0.395,0.000,0.000,0.100,1.000,0.000,0.091,0.029,0.356,0.190,0.211,0.439,0.000,0.000,0.033,0.000,0.632,0.115,0.145,0.000,0.000,0.000
model.000.13.pdb,0.122,0.038,0.045,0.000,0.000,0.000,0.000,0.000,0.000,0.243,0.492,0.143,0.000,1.000,0.000,0.508,0.037,0.123,0.152,0.038,0.477,0.438,0.000,0.508,0.000,0.268,0.104,0.000,0.308,0.101
model.000.14.pdb,0.000,0.016,0.200,0.658,0.211,0.405,0.434,0.017,0.000,0.029,0.000,0.000,0.091,0.000,1.000,0.000,0.000,0.000,0.000,0.017,0.000,0.000,0.422,0.000,0.164,0.000,0.000,0.226,0.000,0.015
model.000.15.pdb,0.206,0.108,0.079,0.000,0.000,0.000,0.000,0.029,0.029,0.155,0.286,0.200,0.029,0.508,0.000,1.000,0.123,0.174,0.209,0.109,0.265,0.281,0.000,0.333,0.000,0.356,0.087,0.000,0.172,0.027
model.000.16.pdb,0.587,0.615,0.197,0.000,0.207,0.000,0.069,0.632,0.658,0.000,0.014,0.380,0.356,0.037,0.000,0.123,1.000,0.500,0.565,0.632,0.013,0.000,0.000,0.013,0.300,0.340,0.435,0.000,0.000,0.000
model.000.17.pdb,0.620,0.392,0.141,0.000,0.114,0.000,0.024,0.400,0.392,0.000,0.111,0.510,0.190,0.123,0.000,0.174,0.500,1.000,0.739,0.373,0.104,0.025,0.000,0.101,0.159,0.491,0.574,0.000,0.014,0.027
model.000.18.pdb,0.761,0.420,0.141,0.000,0.147,0.000,0.049,0.458,0.449,0.000,0.127,0.540,0.211,0.152,0.000,0.209,0.565,0.739,1.000,0.458,0.104,0.025,0.000,0.101,0.177,0.549,0.542,0.000,0.000,0.013
model.000.19.pdb,0.543,0.794,0.224,0.016,0.214,0.036,0.087,0.622,0.605,0.000,0.000,0.264,0.439,0.038,0.017,0.109,0.632,0.373,0.458,1.000,0.000,0.000,0.000,0.000,0.400,0.255,0.306,0.000,0.000,0.000
model.000.20.pdb,0.062,0.000,0.000,0.000,0.000,0.000,0.000,0.000,0.000,0.410,0.771,0.139,0.000,0.477,0.000,0.265,0.013,0.104,0.104,0.000,1.000,0.536,0.013,0.643,0.000,0.135,0.145,0.039,0.491,0.306
model.000.21.pdb,0.000,0.000,0.000,0.000,0.000,0.000,0.000,0.000,0.000,0.577,0.588,0.026,0.000,0.438,0.000,0.281,0.000,0.025,0.025,0.000,0.536,1.000,0.014,0.600,0.000,0.081,0.027,0.071,0.562,0.222
model.000.22.pdb,0.000,0.000,0.121,0.444,0.060,0.298,0.219,0.000,0.000,0.121,0.014,0.000,0.033,0.000,0.422,0.000,0.000,0.000,0.000,0.000,0.013,0.014,1.000,0.013,0.065,0.000,0.000,0.155,0.031,0.030
model.000.23.pdb,0.073,0.000,0.000,0.000,0.000,0.000,0.000,0.000,0.000,0.467,0.740,0.105,0.000,0.508,0.000,0.333,0.013,0.101,0.101,0.000,0.643,0.600,0.013,1.000,0.000,0.178,0.110,0.052,0.558,0.221
model.000.24.pdb,0.233,0.422,0.396,0.182,0.291,0.245,0.219,0.400,0.362,0.000,0.000,0.094,0.632,0.000,0.164,0.000,0.300,0.159,0.177,0.400,0.000,0.000,0.065,0.000,1.000,0.075,0.136,0.000,0.000,0.000
model.000.25.pdb,0.509,0.250,0.111,0.000,0.041,0.000,0.000,0.211,0.228,0.000,0.162,0.617,0.115,0.268,0.000,0.356,0.340,0.491,0.549,0.255,0.135,0.081,0.000,0.178,0.075,1.000,0.404,0.000,0.000,0.014
model.000.26.pdb,0.442,0.300,0.087,0.000,0.108,0.000,0.013,0.391,0.413,0.000,0.121,0.651,0.145,0.104,0.000,0.087,0.435,0.574,0.542,0.306,0.145,0.027,0.000,0.110,0.136,0.404,1.000,0.000,0.030,0.094
model.000.27.pdb,0.000,0.000,0.000,0.100,0.108,0.033,0.254,0.000,0.000,0.172,0.042,0.000,0.000,0.000,0.226,0.000,0.000,0.000,0.000,0.000,0.039,0.071,0.155,0.052,0.000,0.000,0.000,1.000,0.079,0.273
model.000.28.pdb,0.000,0.000,0.000,0.000,0.000,0.000,0.000,0.000,0.000,0.596,0.574,0.000,0.000,0.308,0.000,0.172,0.000,0.014,0.000,0.000,0.491,0.562,0.031,0.558,0.000,0.000,0.030,0.079,1.000,0.273
model.000.29.pdb,0.000,0.000,0.000,0.000,0.000,0.000,0.013,0.000,0.000,0.283,0.206,0.043,0.000,0.101,0.015,0.027,0.000,0.027,0.013,0.000,0.306,0.222,0.030,0.221,0.000,0.014,0.094,0.273,0.273,1.000
