Unnamed: 0,JE11,CC71,Ab122,JE10,EB21,BH72,BG91,JF11,JA112,EE11,FH41,LA5
JE11,0.0,1.005,1.007,0.84,0.639,0.874,0.881,0.881,0.864,0.637,0.852,0.845
CC71,1.005,0.0,0.0,0.615,0.747,0.746,0.729,0.734,0.697,0.781,0.858,0.877
Ab122,1.007,0.0,0.0,0.616,0.747,0.738,0.731,0.732,0.706,0.758,0.853,0.873
JE10,0.84,0.615,0.616,0.0,0.587,0.643,0.6,0.592,0.631,0.613,0.768,0.799
EB21,0.639,0.747,0.747,0.587,0.0,0.615,0.657,0.613,0.601,0.0,0.566,0.574
BH72,0.874,0.746,0.738,0.643,0.615,0.0,0.0,0.0,0.0,0.627,0.79,0.762
BG91,0.881,0.729,0.731,0.6,0.657,0.0,0.0,0.0,0.0,0.658,0.776,0.787
JF11,0.881,0.734,0.732,0.592,0.613,0.0,0.0,0.0,0.0,0.662,0.769,0.796
JA112,0.864,0.697,0.706,0.631,0.601,0.0,0.0,0.0,0.0,0.65,0.729,0.696
EE11,0.637,0.781,0.758,0.613,0.0,0.627,0.658,0.662,0.65,0.0,0.587,0.585
FH41,0.852,0.858,0.853,0.768,0.566,0.79,0.776,0.769,0.729,0.587,0.0,0.0
LA5,0.845,0.877,0.873,0.799,0.574,0.762,0.787,0.796,0.696,0.585,0.0,0.0
