Ag res number, Ag res name, Atom name 1, Rb res number, Rb res name, Atom name 2, Distance(Angstroms)
1,
1,L,N,136,T,CG2,5.22802390966
1,L,CA,136,T,HG22,5.87870512953
1,L,CA,136,T,HG23,5.80918634578
1,L,CA,160,T,CA,5.94599537504
1,L,CA,160,T,CB,4.57284867451
1,L,CA,160,T,OG1,4.07465667265
1,L,CA,160,T,CG2,5.04157574574
1,L,CA,160,T,HB,4.0206498231
1,L,CA,160,T,HG1,3.90531355975
1,L,CA,160,T,HG21,4.36316800043
1,L,CA,160,T,HG22,5.72631164014
1,L,CA,160,T,HG23,5.74410619679
1,L,CA,161,E,CG,5.88731806513
1,L,CA,161,E,CD,5.00794678486
1,L,CA,161,E,OE1,3.98824936532
1,L,CA,161,E,OE2,5.58913785838
1,L,CA,161,E,HG2,5.51738978141
1,L,CA,184,K,CB,5.78559953678
1,L,CA,184,K,CG,5.60903538944
1,L,CA,184,K,CD,4.72061923904
1,L,CA,184,K,CE,5.36607435655
1,L,CA,184,K,NZ,5.18230865542
1,L,CA,184,K,HB3,5.02601362911
1,L,CA,184,K,HG2,5.51663284985
1,L,CA,184,K,HD2,5.08482585739
1,L,CA,184,K,HD3,3.64872333837
1,L,CA,184,K,HE2,5.34897186383
1,L,CA,184,K,HZ1,5.92638490144
1,L,CA,184,K,HZ2,5.49020782849
1,L,CA,184,K,HZ3,4.32887722164
1,L,C,160,T,CA,5.4708831097
1,L,C,160,T,C,5.31120814881
1,L,C,160,T,O,5.04393031276
1,L,C,160,T,CB,4.35253466385
1,L,C,160,T,OG1,4.05382609395
1,L,C,160,T,CG2,5.20158831512
1,L,C,160,T,HA,5.91804241283
1,L,C,160,T,HB,3.59945106926
1,L,C,160,T,HG1,3.61347436687
1,L,C,160,T,HG21,4.78414820005
1,L,C,160,T,HG22,5.99811453709
1,L,C,160,T,HG23,5.78943252832
1,L,C,161,E,CG,4.74143554211
1,L,C,161,E,CD,4.16969998921
1,L,C,161,E,OE1,3.32099382715
1,L,C,161,E,OE2,4.92354232235
1,L,C,161,E,HG2,4.25577031805
1,L,C,161,E,HG3,4.9996983909
1,L,C,184,K,CA,5.95058795414
1,L,C,184,K,CB,4.64987838551
1,L,C,184,K,CG,4.82759992129
1,L,C,184,K,CD,4.19107587619
1,L,C,184,K,CE,5.22911397849
1,L,C,184,K,NZ,5.36599049571
1,L,C,184,K,HB2,4.84052982637
1,L,C,184,K,HB3,3.78770722205
1,L,C,184,K,HG2,4.8540493405
1,L,C,184,K,HG3,5.87825603389
1,L,C,184,K,HD2,4.45553532137
1,L,C,184,K,HD3,3.16044000101
1,L,C,184,K,HE2,5.32996219499
1,L,C,184,K,HZ2,5.57057097612
1,L,C,184,K,HZ3,4.71548523484
1,L,C,185,D,HB2,5.6708371516
1,L,C,185,D,HB3,5.6685703665
1,L,O,136,T,HG23,5.98541276772
1,L,O,160,T,N,5.74324281221
1,L,O,160,T,CA,4.46569199565
1,L,O,160,T,C,4.27784162867
1,L,O,160,T,O,3.91231210411
1,L,O,160,T,CB,3.483505849
1,L,O,160,T,OG1,3.51678219399
1,L,O,160,T,CG2,4.45242495726
1,L,O,160,T,HA,4.81515887588
1,L,O,160,T,HB,2.59317045333
1,L,O,160,T,HG1,3.11603337594
1,L,O,160,T,HG21,4.21919814657
1,L,O,160,T,HG22,5.33333001042
1,L,O,160,T,HG23,4.91217202468
1,L,O,161,E,N,5.14665843048
1,L,O,161,E,CA,5.7798081283
1,L,O,161,E,CB,5.57235506765
1,L,O,161,E,CG,4.27004285693
1,L,O,161,E,CD,3.94892909534
1,L,O,161,E,OE1,3.05829118954
1,L,O,161,E,OE2,4.94304824982
1,L,O,161,E,HA,5.67542967536
1,L,O,161,E,HG2,3.57787506769
1,L,O,161,E,HG3,4.69923919374
1,L,O,182,Q,O,5.49730379368
1,L,O,183,L,HA,5.80600086118
1,L,O,184,K,N,5.00923826545
1,L,O,184,K,CA,4.8808990975
1,L,O,184,K,C,5.41407877667
1,L,O,184,K,CB,3.67326829948
1,L,O,184,K,CG,3.88230343997
1,L,O,184,K,CD,3.56334421576
1,L,O,184,K,CE,4.69341197851
1,L,O,184,K,NZ,5.15870729931
1,L,O,184,K,HA,5.73639555819
1,L,O,184,K,HB2,4.0710912542
1,L,O,184,K,HB3,2.75430045565
1,L,O,184,K,HG2,3.79559665929
1,L,O,184,K,HG3,4.96421766243
1,L,O,184,K,HD2,4.0088459686
1,L,O,184,K,HD3,2.59493892028
1,L,O,184,K,HE2,4.69057928192
1,L,O,184,K,HE3,5.59665846734
1,L,O,184,K,HZ2,5.46949284669
1,L,O,184,K,HZ3,4.65506949465
1,L,O,185,D,N,5.43064692279
1,L,O,185,D,CB,5.59137460738
1,L,O,185,D,HB2,4.95787424205
1,L,O,185,D,HB3,5.12257913555
1,L,CB,136,T,CG2,5.99485621179
1,L,CB,136,T,HG21,5.61814141865
1,L,CB,136,T,HG22,5.94121847772
1,L,CB,136,T,HG23,5.60344581485
1,L,CB,160,T,CB,5.56895465954
1,L,CB,160,T,OG1,4.72623465351
1,L,CB,160,T,HB,5.21078938358
1,L,CB,160,T,HG1,4.45325420339
1,L,CB,160,T,HG21,5.41110432352
1,L,CB,161,E,CD,5.10810160431
1,L,CB,161,E,OE1,4.25735105435
1,L,CB,161,E,OE2,5.34172883999
1,L,CB,184,K,HD3,5.17701081706
1,L,CB,184,K,HZ3,5.66207214719
1,L,CG,112,K,HZ1,5.95031772261
1,L,CG,136,T,HG21,5.66711866825
1,L,CG,160,T,OG1,5.58066707482
1,L,CG,160,T,HG1,5.51412313972
1,L,CG,160,T,HG21,5.8412564573
1,L,CG,161,E,OE1,5.5603772354
1,L,CG,184,K,HZ3,5.93714998968
1,L,CD1,112,K,HZ1,5.09630316995
1,L,CD1,136,T,HG21,5.82561061177
1,L,CD2,184,K,HZ3,5.32841871478
1,L,H1,136,T,CG2,5.2153832074
1,L,H1,136,T,HG21,4.9735062079
1,L,H1,136,T,HG22,4.70718004754
1,L,H1,136,T,HG23,5.2050097022
1,L,H1,160,T,CA,5.68191842602
1,L,H1,160,T,CB,4.15254488236
1,L,H1,160,T,OG1,3.61489543417
1,L,H1,160,T,CG2,4.02351388714
1,L,H1,160,T,HB,3.97468350941
1,L,H1,160,T,HG1,3.93813153666
1,L,H1,160,T,HG21,3.11467510344
1,L,H1,160,T,HG22,4.4911585365
1,L,H1,160,T,HG23,4.8153855505
1,L,H1,161,E,CD,5.89419723118
1,L,H1,161,E,OE1,4.69877441467
1,L,H1,184,K,CD,5.40343797966
1,L,H1,184,K,CE,5.55454444577
1,L,H1,184,K,NZ,5.31889509203
1,L,H1,184,K,HG2,5.83912270808
1,L,H1,184,K,HD3,4.41770392851
1,L,H1,184,K,HE2,5.18261613473
1,L,H1,184,K,HZ1,5.78158888196
1,L,H1,184,K,HZ2,5.91752177858
1,L,H1,184,K,HZ3,4.39550406666
1,L,H2,136,T,O,5.54145567518
1,L,H2,136,T,CB,5.82660432842
1,L,H2,136,T,CG2,4.33575898777
1,L,H2,136,T,HG21,4.35678046268
1,L,H2,136,T,HG22,3.89008431785
1,L,H2,136,T,HG23,4.06209477979
1,L,H2,160,T,N,5.12282207382
1,L,H2,160,T,CA,4.38855295057
1,L,H2,160,T,C,4.88747593344
1,L,H2,160,T,O,5.20235542807
1,L,H2,160,T,CB,2.95031879633
1,L,H2,160,T,OG1,2.18372182294
1,L,H2,160,T,CG2,3.3587682266
1,L,H2,160,T,HA,5.00591200482
1,L,H2,160,T,HB,2.84009876589
1,L,H2,160,T,HG1,2.32058009989
1,L,H2,160,T,HG21,2.82733602531
1,L,H2,160,T,HG22,3.84239209348
1,L,H2,160,T,HG23,4.27144682748
1,L,H2,161,E,N,5.55866467778
1,L,H2,161,E,CG,5.3654914034
1,L,H2,161,E,CD,4.31979316634
1,L,H2,161,E,OE1,3.09676427905
1,L,H2,161,E,OE2,4.96782789557
1,L,H2,161,E,HG2,5.08001988185
1,L,H2,184,K,CG,5.81152338032
1,L,H2,184,K,CD,5.32625665923
1,L,H2,184,K,CE,5.82658321832
1,L,H2,184,K,NZ,5.96937660062
1,L,H2,184,K,HB3,5.23966058061
1,L,H2,184,K,HG2,5.33541994598
1,L,H2,184,K,HD3,4.29169523615
1,L,H2,184,K,HE2,5.42477262196
1,L,H2,184,K,HZ3,5.17328870256
1,L,H3,136,T,CG2,5.73313962851
1,L,H3,136,T,HG21,5.78760727762
1,L,H3,136,T,HG22,5.09366724473
1,L,H3,136,T,HG23,5.56002715821
1,L,H3,160,T,N,5.6022702541
1,L,H3,160,T,CA,4.62806341789
1,L,H3,160,T,C,5.23290636262
1,L,H3,160,T,O,5.26690535324
1,L,H3,160,T,CB,3.14140398548
1,L,H3,160,T,OG1,3.09827129219
1,L,H3,160,T,CG2,3.20615688949
1,L,H3,160,T,HA,4.90853145044
1,L,H3,160,T,HB,2.64369608692
1,L,H3,160,T,HG1,3.38348961872
1,L,H3,160,T,HG21,2.43061658844
1,L,H3,160,T,HG22,4.00669577083
1,L,H3,160,T,HG23,3.80043339634
1,L,H3,161,E,CD,5.42065946173
1,L,H3,161,E,OE1,4.21204380319
1,L,H3,161,E,HG2,5.61264750363
1,L,H3,182,Q,O,5.11626611896
1,L,H3,182,Q,HB2,5.63116693057
1,L,H3,184,K,CB,5.198191801
1,L,H3,184,K,CG,4.62497070261
1,L,H3,184,K,CD,3.94206088233
1,L,H3,184,K,CE,4.2533626697
1,L,H3,184,K,NZ,4.3650861389
1,L,H3,184,K,HB2,5.72804067723
1,L,H3,184,K,HB3,4.57962585808
1,L,H3,184,K,HG2,4.21334285336
1,L,H3,184,K,HG3,5.57646420234
1,L,H3,184,K,HD2,4.6974978446
1,L,H3,184,K,HD3,2.96306699216
1,L,H3,184,K,HE2,3.87050306808
1,L,H3,184,K,HE3,5.31906025535
1,L,H3,184,K,HZ1,4.96376026818
1,L,H3,184,K,HZ2,5.00628305233
1,L,H3,184,K,HZ3,3.6006329999
1,L,HA,160,T,CB,5.27935952555
1,L,HA,160,T,OG1,4.96653651955
1,L,HA,160,T,CG2,5.57270670321
1,L,HA,160,T,HB,4.62393306612
1,L,HA,160,T,HG1,4.88259398271
1,L,HA,160,T,HG21,4.78336544705
1,L,HA,161,E,OE1,5.01505662979
1,L,HA,184,K,CB,5.8222724086
1,L,HA,184,K,CG,5.49408008678
1,L,HA,184,K,CD,4.36262237651
1,L,HA,184,K,CE,4.86443830262
1,L,HA,184,K,NZ,4.43578504889
1,L,HA,184,K,HB2,5.92805836678
1,L,HA,184,K,HB3,5.22347346121
1,L,HA,184,K,HG2,5.53923586788
1,L,HA,184,K,HD2,4.60514342882
1,L,HA,184,K,HD3,3.37546204245
1,L,HA,184,K,HE2,4.99147052481
1,L,HA,184,K,HE3,5.91250454545
1,L,HA,184,K,HZ1,5.16668307524
1,L,HA,184,K,HZ2,4.64823622463
1,L,HA,184,K,HZ3,3.55152981122
1,L,HB2,160,T,OG1,5.57272366083
1,L,HB2,160,T,HB,5.9067022102
1,L,HB2,160,T,HG1,5.16441497171
1,L,HB2,161,E,CD,5.33329963531
1,L,HB2,161,E,OE1,4.67445173256
1,L,HB2,161,E,OE2,5.48241643803
1,L,HB2,184,K,HD3,5.48428755628
1,L,HB3,112,K,HZ1,5.66727147753
1,L,HB3,136,T,CG2,5.13496358312
1,L,HB3,136,T,HG21,4.78625667928
1,L,HB3,136,T,HG22,5.21204806194
1,L,HB3,136,T,HG23,4.65590431603
1,L,HB3,160,T,CB,5.23419735967
1,L,HB3,160,T,OG1,4.19460081533
1,L,HB3,160,T,CG2,5.86735417373
1,L,HB3,160,T,HB,5.03689606802
1,L,HB3,160,T,HG1,3.82990874565
1,L,HB3,160,T,HG21,5.34741245838
1,L,HB3,161,E,CG,5.58921720816
1,L,HB3,161,E,CD,4.32437694934
1,L,HB3,161,E,OE1,3.53010679725
1,L,HB3,161,E,OE2,4.43129834247
1,L,HB3,161,E,HG2,5.63034643694
1,L,HB3,161,E,HG3,5.86090692641
1,L,HB3,184,K,HD3,5.68409086838
1,L,HG,112,K,HZ1,5.59485710273
1,L,HG,136,T,CG2,5.5820515046
1,L,HG,136,T,HG21,4.94761973074
1,L,HG,136,T,HG22,5.44949071015
1,L,HG,136,T,HG23,5.58995465098
1,L,HG,160,T,OG1,5.12612797343
1,L,HG,160,T,HB,5.92573556616
1,L,HG,160,T,HG1,5.23511843228
1,L,HG,160,T,HG21,5.1801416969
1,L,HG,161,E,OE1,5.56654955965
1,L,HG,184,K,HZ3,5.90598552318
1,L,HD11,112,K,HZ1,5.12463910924
1,L,HD12,112,K,HZ1,5.72507502134
1,L,HD13,112,K,CE,5.75926219233
1,L,HD13,112,K,NZ,5.09098870555
1,L,HD13,112,K,HE2,5.70618927131
1,L,HD13,112,K,HE3,5.54288949917
1,L,HD13,112,K,HZ1,4.11449571637
1,L,HD13,112,K,HZ2,5.30789242544
1,L,HD13,112,K,HZ3,5.64423989568
1,L,HD13,113,E,OE2,5.73415067817
1,L,HD13,136,T,CG2,5.76115318317
1,L,HD13,136,T,HG21,4.98014035947
1,L,HD13,136,T,HG23,5.56468956906
1,L,HD13,160,T,HG1,5.9336041324
1,L,HD13,161,E,OE1,5.73193623482
1,L,HD22,160,T,HG21,5.80020284128
1,L,HD22,184,K,NZ,5.27919397257
1,L,HD22,184,K,HD3,5.2415385146
1,L,HD22,184,K,HZ1,5.69891428256
1,L,HD22,184,K,HZ2,5.47728162504
1,L,HD22,184,K,HZ3,4.30206159882
1,L,HD23,184,K,HZ3,5.55041025511
2,
2,T,N,160,T,O,5.69829544689
2,T,CA,160,T,C,5.83828579294
2,T,CA,160,T,O,5.37084071631
2,T,CA,160,T,CB,5.92171976709
2,T,CA,160,T,OG1,5.59125272189
2,T,CA,160,T,HB,5.1940393722
2,T,CA,160,T,HG1,4.80387281264
2,T,CA,161,E,CB,5.39308158663
2,T,CA,161,E,CG,3.86967362965
2,T,CA,161,E,CD,3.79034180517
2,T,CA,161,E,OE1,3.69895025649
2,T,CA,161,E,OE2,4.3443805082
2,T,CA,161,E,HB2,5.72833815343
2,T,CA,161,E,HB3,5.92706132919
2,T,CA,161,E,HG2,3.5732072428
2,T,CA,161,E,HG3,3.57315448868
2,T,CA,184,K,C,5.90182048185
2,T,CA,184,K,CB,5.06674274066
2,T,CA,184,K,CG,5.8999591524
2,T,CA,184,K,CD,5.59585435836
2,T,CA,184,K,HB2,4.97858594382
2,T,CA,184,K,HB3,4.15875137511
2,T,CA,184,K,HD2,5.52578989829
2,T,CA,184,K,HD3,4.81869090106
2,T,CA,185,D,N,5.71186677015
2,T,CA,185,D,CA,5.92517417466
2,T,CA,185,D,CB,4.72062644148
2,T,CA,185,D,CG,5.32275887111
2,T,CA,185,D,OD2,4.79652759817
2,T,CA,185,D,HB2,4.38930370332
2,T,CA,185,D,HB3,4.02233427253
2,T,CA,209,Y,HD1,5.88046035613
2,T,CA,209,Y,HE1,5.86031236369
2,T,C,137,Y,HD1,5.54567957964
2,T,C,160,T,HG1,5.26207573112
2,T,C,161,E,CB,5.42186001295
2,T,C,161,E,CG,3.9687162912
2,T,C,161,E,CD,3.66735190567
2,T,C,161,E,OE1,3.89301913687
2,T,C,161,E,OE2,3.76478458879
2,T,C,161,E,HB2,5.66789987562
2,T,C,161,E,HB3,5.75060631586
2,T,C,161,E,HG2,4.08977884488
2,T,C,161,E,HG3,3.44422153759
2,T,C,184,K,HB3,5.59445028577
2,T,C,185,D,CB,5.33752798588
2,T,C,185,D,CG,5.53624069202
2,T,C,185,D,OD2,4.69951188955
2,T,C,185,D,HB2,4.98873591203
2,T,C,185,D,HB3,4.77636933245
2,T,C,187,R,HH21,5.80372880138
2,T,O,160,T,HG1,5.64541486518
2,T,O,161,E,CG,4.91977408018
2,T,O,161,E,CD,4.29688887452
2,T,O,161,E,OE1,4.37903482516
2,T,O,161,E,OE2,4.16880738341
2,T,O,161,E,HG2,5.11596432748
2,T,O,161,E,HG3,4.48081622029
2,T,O,185,D,OD2,5.84143167383
2,T,O,185,D,HB3,5.99721735474
2,T,CB,161,E,CG,4.81936043475
2,T,CB,161,E,CD,5.09620466622
2,T,CB,161,E,OE1,5.1093651269
2,T,CB,161,E,OE2,5.66572122505
2,T,CB,161,E,HG2,4.395211599
2,T,CB,161,E,HG3,4.34125281457
2,T,CB,184,K,CA,5.89209546766
2,T,CB,184,K,C,5.48989125575
2,T,CB,184,K,O,5.63879419734
2,T,CB,184,K,CB,4.92626075234
2,T,CB,184,K,CG,5.93939163551
2,T,CB,184,K,CD,5.6647652202
2,T,CB,184,K,HB2,4.52975286302
2,T,CB,184,K,HB3,4.2452926872
2,T,CB,184,K,HD2,5.32166844138
2,T,CB,184,K,HD3,5.12099765671
2,T,CB,185,D,N,5.48824425477
2,T,CB,185,D,CA,5.58170386173
2,T,CB,185,D,CB,4.47170783929
2,T,CB,185,D,CG,5.05842376635
2,T,CB,185,D,OD2,4.63552995892
2,T,CB,185,D,HA,5.76826004962
2,T,CB,185,D,HB2,4.49872715332
2,T,CB,185,D,HB3,3.52949713132
2,T,CB,208,Q,HB3,5.98239759628
2,T,CB,209,Y,CG,5.74889606794
2,T,CB,209,Y,CD1,4.84964143004
2,T,CB,209,Y,CE1,4.73477950912
2,T,CB,209,Y,CZ,5.52457500628
2,T,CB,209,Y,OH,5.91732794427
2,T,CB,209,Y,HB3,5.7157089674
2,T,CB,209,Y,HD1,4.61359155106
2,T,CB,209,Y,HE1,4.41901029644
2,T,OG1,161,E,HG2,5.72012936917
2,T,OG1,161,E,HG3,5.48633256374
2,T,OG1,184,K,HB2,5.47484885636
2,T,OG1,184,K,HB3,5.43277985934
2,T,OG1,184,K,HD2,5.87137786214
2,T,OG1,184,K,HD3,5.82736355482
2,T,OG1,185,D,CB,5.74994626062
2,T,OG1,185,D,OD2,5.61288686863
2,T,OG1,185,D,HB2,5.8542054115
2,T,OG1,185,D,HB3,4.77483769358
2,T,OG1,209,Y,CD1,5.18743414416
2,T,OG1,209,Y,CE1,4.69367382761
2,T,OG1,209,Y,CZ,5.21555078587
2,T,OG1,209,Y,OH,5.29675249563
2,T,OG1,209,Y,HD1,5.18945565546
2,T,OG1,209,Y,HE1,4.29797684964
2,T,OG1,209,Y,HH,5.94630591208
2,T,CG2,160,T,O,5.70716426958
2,T,CG2,160,T,HB,5.84282885253
2,T,CG2,161,E,CG,5.39509721877
2,T,CG2,161,E,CD,5.81299449509
2,T,CG2,161,E,OE1,5.63029102267
2,T,CG2,161,E,HG2,4.6901449871
2,T,CG2,161,E,HG3,5.12049460502
2,T,CG2,184,K,N,5.75495247591
2,T,CG2,184,K,CA,4.73734419269
2,T,CG2,184,K,C,4.47434766195
2,T,CG2,184,K,O,4.52564967712
2,T,CG2,184,K,CB,3.69860865732
2,T,CG2,184,K,CG,4.71875894701
2,T,CG2,184,K,CD,4.49730096836
2,T,CG2,184,K,CE,5.97572840748
2,T,CG2,184,K,HA,5.36339109146
2,T,CG2,184,K,HB2,3.12187603854
2,T,CG2,184,K,HB3,3.25928596475
2,T,CG2,184,K,HG2,5.37570553509
2,T,CG2,184,K,HG3,5.43648461784
2,T,CG2,184,K,HD2,4.03092024233
2,T,CG2,184,K,HD3,4.18022702733
2,T,CG2,185,D,N,4.80178133613
2,T,CG2,185,D,CA,5.17986669713
2,T,CG2,185,D,CB,4.45101359243
2,T,CG2,185,D,CG,5.3962277565
2,T,CG2,185,D,OD2,5.31939498439
2,T,CG2,185,D,HA,5.27024487097
2,T,CG2,185,D,HB2,4.56651781996
2,T,CG2,185,D,HB3,3.43708990281
2,T,CG2,208,Q,CB,5.4777529152
2,T,CG2,208,Q,CD,5.77234657657
2,T,CG2,208,Q,OE1,5.81033708144
2,T,CG2,208,Q,NE2,5.70474197488
2,T,CG2,208,Q,HB2,5.43553585215
2,T,CG2,208,Q,HB3,4.52511038539
2,T,CG2,208,Q,HE22,5.71911225629
2,T,CG2,209,Y,CB,5.7861335968
2,T,CG2,209,Y,CG,5.15667848523
2,T,CG2,209,Y,CD1,4.02992717056
2,T,CG2,209,Y,CE1,3.98804839489
2,T,CG2,209,Y,CE2,5.98358471153
2,T,CG2,209,Y,CZ,5.06754990109
2,T,CG2,209,Y,OH,5.5614259862
2,T,CG2,209,Y,HB3,5.16437798772
2,T,CG2,209,Y,HD1,3.57511426391
2,T,CG2,209,Y,HE1,3.51191471992
2,T,HA,137,Y,HD1,5.65045387557
2,T,HA,160,T,CA,5.6727176027
2,T,HA,160,T,C,4.8144300805
2,T,HA,160,T,O,4.33470575703
2,T,HA,160,T,CB,5.1813300416
2,T,HA,160,T,OG1,4.95196657905
2,T,HA,160,T,HB,4.48680521084
2,T,HA,160,T,HG1,4.12361200891
2,T,HA,161,E,N,5.1751271482
2,T,HA,161,E,CA,5.16755319276
2,T,HA,161,E,CB,4.42933098786
2,T,HA,161,E,CG,2.924533809
2,T,HA,161,E,CD,3.05731401724
2,T,HA,161,E,OE1,3.01468953625
2,T,HA,161,E,OE2,3.8370340108
2,T,HA,161,E,HA,5.01651572309
2,T,HA,161,E,HB2,4.81521858279
2,T,HA,161,E,HB3,5.04214141016
2,T,HA,161,E,HG2,2.50441649891
2,T,HA,161,E,HG3,2.78125313483
2,T,HA,184,K,N,5.76851488687
2,T,HA,184,K,CA,5.39792775054
2,T,HA,184,K,C,5.19848141287
2,T,HA,184,K,O,5.79490819599
2,T,HA,184,K,CB,4.53686102939
2,T,HA,184,K,CG,5.45717362744
2,T,HA,184,K,CD,5.41194364346
2,T,HA,184,K,HB2,4.63637185739
2,T,HA,184,K,HB3,3.53626512015
2,T,HA,184,K,HG2,5.58907452088
2,T,HA,184,K,HD2,5.49135447772
2,T,HA,184,K,HD3,4.66176404379
2,T,HA,185,D,N,4.86200020568
2,T,HA,185,D,CA,5.11914729227
2,T,HA,185,D,CB,3.95008025235
2,T,HA,185,D,CG,4.68120005981
2,T,HA,185,D,OD1,5.91878146243
2,T,HA,185,D,OD2,4.29941309948
2,T,HA,185,D,HA,5.69619355359
2,T,HA,185,D,HB2,3.46103756119
2,T,HA,185,D,HB3,3.41277965887
2,T,HA,187,R,HH21,5.85045887089
2,T,HA,209,Y,HD1,5.80044256932
2,T,HB,161,E,CB,5.88512268351
2,T,HB,161,E,CG,4.57936174592
2,T,HB,161,E,CD,5.11141829632
2,T,HB,161,E,OE1,5.36981275279
2,T,HB,161,E,OE2,5.62073963105
2,T,HB,161,E,HB2,5.83798886604
2,T,HB,161,E,HG2,4.24627012801
2,T,HB,161,E,HG3,3.91877544649
2,T,HB,184,K,C,5.34341211212
2,T,HB,184,K,O,5.4323984574
2,T,HB,184,K,CB,5.29559703905
2,T,HB,184,K,HB2,4.91446599337
2,T,HB,184,K,HB3,4.62235989512
2,T,HB,184,K,HD3,5.95026352358
2,T,HB,185,D,N,5.17486328322
2,T,HB,185,D,CA,4.9930881226
2,T,HB,185,D,CB,3.77251719678
2,T,HB,185,D,CG,4.13960022224
2,T,HB,185,D,OD1,5.27485108795
2,T,HB,185,D,OD2,3.67050691322
2,T,HB,185,D,HA,5.12320495393
2,T,HB,185,D,HB2,3.95503843218
2,T,HB,185,D,HB3,2.84826069734
2,T,HB,187,R,HH21,5.27078827122
2,T,HB,209,Y,CB,5.71752796233
2,T,HB,209,Y,CG,5.19858240292
2,T,HB,209,Y,CD1,4.52848175441
2,T,HB,209,Y,CD2,5.81055935345
2,T,HB,209,Y,CE1,4.60656097322
2,T,HB,209,Y,CE2,5.85837212884
2,T,HB,209,Y,CZ,5.30331292684
2,T,HB,209,Y,OH,5.8632541306
2,T,HB,209,Y,HB3,5.02482895231
2,T,HB,209,Y,HD1,4.38102339642
2,T,HB,209,Y,HE1,4.54380864474
2,T,HB,211,W,HZ3,5.75226868288
2,T,HB,211,W,HH2,5.65475587448
2,T,HG1,184,K,HB2,5.34475874105
2,T,HG1,184,K,HB3,5.60867051983
2,T,HG1,184,K,HD2,5.79772852072
2,T,HG1,185,D,CB,5.92075839737
2,T,HG1,185,D,OD2,5.92466480064
2,T,HG1,185,D,HB3,4.87737357601
2,T,HG1,208,Q,HB3,5.98862738864
2,T,HG1,209,Y,CG,5.43819427752
2,T,HG1,209,Y,CD1,4.48019028614
2,T,HG1,209,Y,CD2,5.7649334775
2,T,HG1,209,Y,CE1,3.83057149783
2,T,HG1,209,Y,CE2,5.26447015378
2,T,HG1,209,Y,CZ,4.30213830554
2,T,HG1,209,Y,OH,4.34519792415
2,T,HG1,209,Y,HD1,4.60028607806
2,T,HG1,209,Y,HE1,3.42716603041
2,T,HG1,209,Y,HE2,5.89920850623
2,T,HG1,209,Y,HH,5.02477203463
2,T,HG21,161,E,HG2,5.51527506114
2,T,HG21,161,E,HG3,5.83735813532
2,T,HG21,184,K,CA,5.01047392968
2,T,HG21,184,K,C,4.56443994374
2,T,HG21,184,K,O,4.31892231928
2,T,HG21,184,K,CB,4.13656487922
2,T,HG21,184,K,CG,5.2193648081
2,T,HG21,184,K,CD,5.05184431668
2,T,HG21,184,K,HA,5.48258944295
2,T,HG21,184,K,HB2,3.34097366048
2,T,HG21,184,K,HB3,3.93077269757
2,T,HG21,184,K,HG3,5.7693422502
2,T,HG21,184,K,HD2,4.40768522016
2,T,HG21,184,K,HD3,4.92508284194
2,T,HG21,185,D,N,5.02377577127
2,T,HG21,185,D,CA,5.26975141729
2,T,HG21,185,D,CB,4.67390211708
2,T,HG21,185,D,CG,5.53128457051
2,T,HG21,185,D,OD2,5.52971608674
2,T,HG21,185,D,HA,5.13284268218
2,T,HG21,185,D,HB2,5.02223754914
2,T,HG21,185,D,HB3,3.59574137001
2,T,HG21,208,Q,CA,5.79589207974
2,T,HG21,208,Q,C,5.70233811695
2,T,HG21,208,Q,CB,4.8158232941
2,T,HG21,208,Q,CG,5.78039972666
2,T,HG21,208,Q,CD,5.38939124577
2,T,HG21,208,Q,OE1,5.36960575834
2,T,HG21,208,Q,NE2,5.56324779243
2,T,HG21,208,Q,HB2,4.61715594279
2,T,HG21,208,Q,HB3,3.97228234143
2,T,HG21,208,Q,HE21,5.92042194442
2,T,HG21,208,Q,HE22,5.70322347449
2,T,HG21,209,Y,N,5.47640794682
2,T,HG21,209,Y,CA,5.96773834882
2,T,HG21,209,Y,CB,5.03266341016
2,T,HG21,209,Y,CG,4.22830060426
2,T,HG21,209,Y,CD1,3.04044174422
2,T,HG21,209,Y,CD2,5.04029136063
2,T,HG21,209,Y,CE1,2.89982223593
2,T,HG21,209,Y,CE2,4.94794229958
2,T,HG21,209,Y,CZ,4.00315787848
2,T,HG21,209,Y,OH,4.56242260208
2,T,HG21,209,Y,HB2,5.8233561629
2,T,HG21,209,Y,HB3,4.56782519368
2,T,HG21,209,Y,HD1,2.7359190412
2,T,HG21,209,Y,HE1,2.47260793495
2,T,HG21,209,Y,HE2,5.87456806923
2,T,HG21,209,Y,HH,5.42489787922
2,T,HG22,160,T,O,5.96477107691
2,T,HG22,160,T,HB,5.60124280852
2,T,HG22,161,E,CG,5.94041059187
2,T,HG22,161,E,OE1,5.74513820547
2,T,HG22,161,E,HG2,5.20457510273
2,T,HG22,161,E,HG3,5.79737431947
2,T,HG22,184,K,N,5.90290809686
2,T,HG22,184,K,CA,4.91927880893
2,T,HG22,184,K,C,4.97948882919
2,T,HG22,184,K,O,5.08161598313
2,T,HG22,184,K,CB,3.62964295765
2,T,HG22,184,K,CG,4.31895635542
2,T,HG22,184,K,CD,3.77783985897
2,T,HG22,184,K,CE,5.1707148442
2,T,HG22,184,K,NZ,5.42058862117
2,T,HG22,184,K,HA,5.46468498635
2,T,HG22,184,K,HB2,3.0493973175
2,T,HG22,184,K,HB3,3.26856711725
2,T,HG22,184,K,HG2,5.01094142851
2,T,HG22,184,K,HG3,5.05171663893
2,T,HG22,184,K,HD2,3.25168171874
2,T,HG22,184,K,HD3,3.42490934187
2,T,HG22,184,K,HE2,5.81367749364
2,T,HG22,184,K,HE3,5.72439254419
2,T,HG22,184,K,HZ2,5.11876625761
2,T,HG22,184,K,HZ3,5.25282400238
2,T,HG22,185,D,N,5.4516003155
2,T,HG22,185,D,CB,5.39119968096
2,T,HG22,185,D,HB2,5.38963273331
2,T,HG22,185,D,HB3,4.42687304991
2,T,HG22,208,Q,CB,5.52575451862
2,T,HG22,208,Q,CD,5.32765774051
2,T,HG22,208,Q,OE1,5.27463183549
2,T,HG22,208,Q,NE2,5.15581661815
2,T,HG22,208,Q,HB2,5.52023658913
2,T,HG22,208,Q,HB3,4.59347907364
2,T,HG22,208,Q,HE21,5.5628881887
2,T,HG22,208,Q,HE22,5.00649548087
2,T,HG22,209,Y,CG,5.96044251713
2,T,HG22,209,Y,CD1,4.71220574678
2,T,HG22,209,Y,CE1,4.47776953404
2,T,HG22,209,Y,CZ,5.56616420886
2,T,HG22,209,Y,OH,5.87109368006
2,T,HG22,209,Y,HD1,4.22625531647
2,T,HG22,209,Y,HE1,3.76726014499
2,T,HG23,160,T,C,5.6920225755
2,T,HG23,160,T,O,4.72873175386
2,T,HG23,160,T,HB,5.1838438441
2,T,HG23,160,T,HG1,5.85467488423
2,T,HG23,161,E,CG,4.77479318924
2,T,HG23,161,E,CD,5.36549019196
2,T,HG23,161,E,OE1,5.19420879442
2,T,HG23,161,E,HA,5.73224371429
2,T,HG23,161,E,HG2,3.94251594797
2,T,HG23,161,E,HG3,4.6255418061
2,T,HG23,184,K,N,4.7371098784
2,T,HG23,184,K,CA,3.77841157102
2,T,HG23,184,K,C,3.48936140289
2,T,HG23,184,K,O,3.71976195475
2,T,HG23,184,K,CB,2.88213774827
2,T,HG23,184,K,CG,4.0957687923
2,T,HG23,184,K,CD,4.20284570262
2,T,HG23,184,K,CE,5.73520409401
2,T,HG23,184,K,HA,4.50873197252
2,T,HG23,184,K,HB2,2.4909680849
2,T,HG23,184,K,HB3,2.36532809563
2,T,HG23,184,K,HG2,4.66969142449
2,T,HG23,184,K,HG3,4.83601664596
2,T,HG23,184,K,HD2,3.92103430232
2,T,HG23,184,K,HD3,3.93438559371
2,T,HG23,185,D,N,3.75864922545
2,T,HG23,185,D,CA,4.26103121322
2,T,HG23,185,D,C,5.7208116557
2,T,HG23,185,D,CB,3.65933135969
2,T,HG23,185,D,CG,4.80938187296
2,T,HG23,185,D,OD1,5.87847922511
2,T,HG23,185,D,OD2,4.92215511743
2,T,HG23,185,D,HA,4.46350590904
2,T,HG23,185,D,HB2,3.70940655631
2,T,HG23,185,D,HB3,2.73784641644
2,T,HG23,208,Q,CB,5.35698282618
2,T,HG23,208,Q,CD,5.82640995811
2,T,HG23,208,Q,NE2,5.61868570041
2,T,HG23,208,Q,HB2,5.50377888364
2,T,HG23,208,Q,HB3,4.31940042135
2,T,HG23,208,Q,HE21,5.73952916187
2,T,HG23,208,Q,HE22,5.72325720198
2,T,HG23,209,Y,N,5.76654862114
2,T,HG23,209,Y,CB,5.51759784689
2,T,HG23,209,Y,CG,5.16858945942
2,T,HG23,209,Y,CD1,4.1353192138
2,T,HG23,209,Y,CE1,4.43875185159
2,T,HG23,209,Y,CZ,5.62853391213
2,T,HG23,209,Y,HB3,4.75761494869
2,T,HG23,209,Y,HD1,3.45674673646
2,T,HG23,209,Y,HE1,4.08773347957
3,
3,S,N,137,Y,CD1,5.69156331775
3,S,CA,137,Y,CD1,5.39101085141
3,S,CA,137,Y,CE1,5.48424096845
3,S,CA,137,Y,HD1,4.64619048254
3,S,CA,137,Y,HE1,4.86460985075
3,S,CA,161,E,CB,5.50725721208
3,S,CA,161,E,CG,4.48668129022
3,S,CA,161,E,CD,4.38410606624
3,S,CA,161,E,OE1,5.17080515974
3,S,CA,161,E,OE2,3.89859089929
3,S,CA,161,E,HB2,5.4036921637
3,S,CA,161,E,HB3,5.62631895648
3,S,CA,161,E,HG2,5.06676178639
3,S,CA,161,E,HG3,3.60877624687
3,S,CA,185,D,CB,5.83975658739
3,S,CA,185,D,CG,5.36590877671
3,S,CA,185,D,OD2,4.18694638131
3,S,CA,185,D,HB2,5.59644976749
3,S,CA,185,D,HB3,5.55453004313
3,S,CA,187,R,NH2,4.87201087848
3,S,CA,187,R,HH21,4.46784511817
3,S,CA,187,R,HH22,4.46997606258
3,S,C,161,E,CG,5.92278827918
3,S,C,161,E,CD,5.7645603475
3,S,C,161,E,OE2,5.28965376939
3,S,C,161,E,HG3,5.04083941422
3,S,C,185,D,OD2,5.20295319987
3,S,C,187,R,NH2,5.81210306172
3,S,C,187,R,HH21,5.44960383881
3,S,C,187,R,HH22,5.36311980101
3,S,O,161,E,OE2,5.75655574107
3,S,O,161,E,HG3,5.9759545681
3,S,CB,137,Y,CD1,4.87908710724
3,S,CB,137,Y,CE1,4.61204314811
3,S,CB,137,Y,CZ,5.75521815399
3,S,CB,137,Y,HD1,4.31823980344
3,S,CB,137,Y,HE1,3.79632216757
3,S,CB,161,E,CB,5.26090115855
3,S,CB,161,E,CG,4.58957536162
3,S,CB,161,E,CD,4.86795018463
3,S,CB,161,E,OE1,5.87890678613
3,S,CB,161,E,OE2,4.3805207453
3,S,CB,161,E,HB2,4.86878362633
3,S,CB,161,E,HB3,5.40151423214
3,S,CB,161,E,HG2,5.2656982443
3,S,CB,161,E,HG3,3.58021577562
3,S,CB,185,D,CB,5.50354122361
3,S,CB,185,D,CG,4.66128201249
3,S,CB,185,D,OD1,5.4461489146
3,S,CB,185,D,OD2,3.41482195729
3,S,CB,185,D,HB2,5.37152669173
3,S,CB,185,D,HB3,5.42702211162
3,S,CB,187,R,NE,5.52647392105
3,S,CB,187,R,CZ,4.69796040852
3,S,CB,187,R,NH1,5.3324580636
3,S,CB,187,R,NH2,3.41513586845
3,S,CB,187,R,HE,5.27876453349
3,S,CB,187,R,HH12,4.98632991287
3,S,CB,187,R,HH21,3.15494231326
3,S,CB,187,R,HH22,2.95865053698
3,S,OG,137,Y,CD1,5.89689494565
3,S,OG,137,Y,CE1,5.50361999052
3,S,OG,137,Y,HD1,5.32495089179
3,S,OG,137,Y,HE1,4.54669319396
3,S,OG,161,E,CB,5.65799717214
3,S,OG,161,E,CG,4.97491256205
3,S,OG,161,E,CD,5.57455774031
3,S,OG,161,E,OE2,5.35764957794
3,S,OG,161,E,HB2,5.11612538939
3,S,OG,161,E,HG2,5.43236311378
3,S,OG,161,E,HG3,3.88605609841
3,S,OG,185,D,CB,4.86335059398
3,S,OG,185,D,CG,3.89020757801
3,S,OG,185,D,OD1,4.59719686331
3,S,OG,185,D,OD2,2.66589459657
3,S,OG,185,D,HB2,5.00876292112
3,S,OG,185,D,HB3,4.70379144946
3,S,OG,187,R,NE,4.85426503191
3,S,OG,187,R,CZ,4.25832983692
3,S,OG,187,R,NH1,5.0977436185
3,S,OG,187,R,NH2,3.06522919208
3,S,OG,187,R,HE,4.49346881596
3,S,OG,187,R,HH12,4.97118848969
3,S,OG,187,R,HH21,2.58224437263
3,S,OG,187,R,HH22,2.9365728324
3,S,OG,211,W,CH2,5.91191204265
3,S,OG,211,W,HZ3,5.58043457089
3,S,OG,211,W,HH2,5.21094204535
3,S,HA,137,Y,CG,5.90490846669
3,S,HA,137,Y,CD1,4.87011057369
3,S,HA,137,Y,CE1,5.12759417271
3,S,HA,137,Y,HB3,5.49504458581
3,S,HA,137,Y,HD1,4.1540164901
3,S,HA,137,Y,HE1,4.69970637381
3,S,HA,161,E,CB,5.45630231934
3,S,HA,161,E,CG,4.50680640809
3,S,HA,161,E,CD,4.08549739934
3,S,HA,161,E,OE1,4.86605661702
3,S,HA,161,E,OE2,3.34274527896
3,S,HA,161,E,HB2,5.48630002825
3,S,HA,161,E,HB3,5.37342925886
3,S,HA,161,E,HG2,5.21978830988
3,S,HA,161,E,HG3,3.8005845603
3,S,HA,185,D,OD2,4.92911401775
3,S,HA,187,R,NH2,5.36821171341
3,S,HA,187,R,HH21,5.07986348242
3,S,HA,187,R,HH22,4.85348565466
3,S,HB2,137,Y,CG,5.23756317384
3,S,HB2,137,Y,CD1,3.88258483487
3,S,HB2,137,Y,CE1,3.65189786276
3,S,HB2,137,Y,CE2,5.98902838531
3,S,HB2,137,Y,CZ,4.88094273681
3,S,HB2,137,Y,OH,5.29092014682
3,S,HB2,137,Y,HB3,5.50027808388
3,S,HB2,137,Y,HD1,3.32229754838
3,S,HB2,137,Y,HE1,2.85515043387
3,S,HB2,161,E,CA,5.80886925313
3,S,HB2,161,E,CB,4.31992256875
3,S,HB2,161,E,CG,3.85934968615
3,S,HB2,161,E,CD,4.22897729954
3,S,HB2,161,E,OE1,5.35576129042
3,S,HB2,161,E,OE2,3.73252006023
3,S,HB2,161,E,HB2,3.89781118065
3,S,HB2,161,E,HB3,4.39945655735
3,S,HB2,161,E,HG2,4.65884256012
3,S,HB2,161,E,HG3,2.90997783497
3,S,HB2,185,D,CB,5.12839429061
3,S,HB2,185,D,CG,4.28640175439
3,S,HB2,185,D,OD1,5.04157316718
3,S,HB2,185,D,OD2,3.12187011261
3,S,HB2,185,D,HB2,4.85352500766
3,S,HB2,185,D,HB3,5.246779679
3,S,HB2,187,R,NE,5.0957352757
3,S,HB2,187,R,CZ,4.25287973025
3,S,HB2,187,R,NH1,4.889422154
3,S,HB2,187,R,NH2,2.98137636001
3,S,HB2,187,R,HE,4.86561208894
3,S,HB2,187,R,HH11,5.84890220469
3,S,HB2,187,R,HH12,4.57283019584
3,S,HB2,187,R,HH21,2.75458036732
3,S,HB2,187,R,HH22,2.57163197211
3,S,HB3,137,Y,CD1,5.07743734575
3,S,HB3,137,Y,CE1,4.62595860336
3,S,HB3,137,Y,CZ,5.58093262815
3,S,HB3,137,Y,OH,5.71633527708
3,S,HB3,137,Y,HD1,4.70911350468
3,S,HB3,137,Y,HE1,3.83513976277
3,S,HB3,161,E,CG,5.54126961986
3,S,HB3,161,E,CD,5.71428648214
3,S,HB3,161,E,OE2,5.05508901999
3,S,HB3,161,E,HB2,5.65443869893
3,S,HB3,161,E,HG3,4.57280767144
3,S,HB3,185,D,CG,5.55111241104
3,S,HB3,185,D,OD2,4.30950786053
3,S,HB3,187,R,NE,5.81959474534
3,S,HB3,187,R,CZ,4.82204738674
3,S,HB3,187,R,NH1,5.21288499777
3,S,HB3,187,R,NH2,3.62260348368
3,S,HB3,187,R,HE,5.7482840918
3,S,HB3,187,R,HH12,4.69571602634
3,S,HB3,187,R,HH21,3.6479964364
3,S,HB3,187,R,HH22,2.9176624205
3,S,HG,137,Y,CD1,5.71512956983
3,S,HG,137,Y,CE1,5.37804174398
3,S,HG,137,Y,HD1,5.09180027102
3,S,HG,137,Y,HE1,4.41689721411
3,S,HG,161,E,CB,4.9738695198
3,S,HG,161,E,CG,4.35200287224
3,S,HG,161,E,CD,5.17653378237
3,S,HG,161,E,OE2,5.14432784725
3,S,HG,161,E,HB2,4.378324908
3,S,HG,161,E,HB3,5.48080441176
3,S,HG,161,E,HG2,4.72675036362
3,S,HG,161,E,HG3,3.26978439656
3,S,HG,185,D,CA,5.37096657968
3,S,HG,185,D,CB,3.90983234935
3,S,HG,185,D,CG,2.91010876085
3,S,HG,185,D,OD1,3.67450309566
3,S,HG,185,D,OD2,1.68022558009
3,S,HG,185,D,HA,5.61586342427
3,S,HG,185,D,HB2,4.08551269732
3,S,HG,185,D,HB3,3.84023358665
3,S,HG,187,R,CD,5.72000533217
3,S,HG,187,R,NE,4.30121878076
3,S,HG,187,R,CZ,3.89734076006
3,S,HG,187,R,NH1,4.91528697026
3,S,HG,187,R,NH2,2.74582082445
3,S,HG,187,R,HD2,5.98712777549
3,S,HG,187,R,HE,3.7924042506
3,S,HG,187,R,HH11,5.84225898091
3,S,HG,187,R,HH12,4.95357497167
3,S,HG,187,R,HH21,1.99363035691
3,S,HG,187,R,HH22,2.91114170043
3,S,HG,209,Y,HB3,5.92374248259
3,S,HG,211,W,CZ3,5.48811351923
3,S,HG,211,W,CH2,5.49163163368
3,S,HG,211,W,HZ3,4.85380675347
3,S,HG,211,W,HH2,4.86553953843
4,
4,S,N,161,E,HG3,5.46635280603
4,S,CB,209,Y,CZ,5.91355155554
4,S,CB,209,Y,OH,5.79389204249
4,S,CB,209,Y,HH,5.75336075698
4,S,CB,211,W,HH2,5.92421100232
4,S,OG,185,D,OD2,5.90706720801
4,S,OG,209,Y,HE2,5.95828406506
4,S,OG,211,W,HH2,5.06150037044
4,S,HB2,209,Y,OH,5.8025359973
4,S,HB2,209,Y,HH,5.62265817919
4,S,HB3,209,Y,CD1,5.90957807293
4,S,HB3,209,Y,CD2,5.79157577866
4,S,HB3,209,Y,CE1,5.32313234853
4,S,HB3,209,Y,CE2,5.17808169113
4,S,HB3,209,Y,CZ,4.93053161434
4,S,HB3,209,Y,OH,4.85270244297
4,S,HB3,209,Y,HE1,5.52305305062
4,S,HB3,209,Y,HE2,5.27315967898
4,S,HB3,209,Y,HH,4.92612565816
4,S,HB3,211,W,HH2,5.52003641292
4,S,HG,185,D,CG,5.89159036254
4,S,HG,185,D,OD2,4.95920860622
4,S,HG,187,R,NH2,5.5118323632
4,S,HG,187,R,HH21,5.1016462049
4,S,HG,187,R,HH22,5.4316890559
4,S,HG,211,W,CH2,5.53591094582
4,S,HG,211,W,HZ2,5.96789083345
4,S,HG,211,W,HH2,4.57626255803
5,
5,E,HB3,209,Y,CE1,5.95455640665
6,
6,R,CB,112,K,HZ1,5.99072115859
6,R,CG,89,Y,HE1,5.79839132864
6,R,CG,112,K,NZ,5.70932535419
6,R,CG,112,K,HZ1,4.95802793457
6,R,CG,112,K,HZ2,5.6407579278
6,R,CG,112,K,HZ3,5.78165114824
6,R,CG,113,E,OE1,5.93734839806
6,R,CG,113,E,OE2,5.26309851703
6,R,CD,89,Y,CE1,5.68593431197
6,R,CD,89,Y,OH,5.70647588271
6,R,CD,89,Y,HE1,4.64985451385
6,R,CD,112,K,CE,5.60159138103
6,R,CD,112,K,NZ,4.28617603465
6,R,CD,112,K,HE2,5.89083992313
6,R,CD,112,K,HE3,5.76714374712
6,R,CD,112,K,HZ1,3.57126532198
6,R,CD,112,K,HZ2,4.14823540798
6,R,CD,112,K,HZ3,4.47369589937
6,R,CD,113,E,CD,4.75374967789
6,R,CD,113,E,OE1,4.83754865609
6,R,CD,113,E,OE2,3.83447871294
6,R,CD,136,T,HG21,5.74646265106
6,R,CD,136,T,HG23,5.95644566835
6,R,CD,161,E,OE2,5.56529558963
6,R,NE,89,Y,CE1,5.36111079908
6,R,NE,89,Y,OH,5.96409900991
6,R,NE,89,Y,HD1,5.8282958916
6,R,NE,89,Y,HE1,4.28992132795
6,R,NE,112,K,CE,5.79337052155
6,R,NE,112,K,NZ,4.45604185348
6,R,NE,112,K,HE3,5.86693386702
6,R,NE,112,K,HZ1,3.9799505022
6,R,NE,112,K,HZ2,3.97929378156
6,R,NE,112,K,HZ3,4.71875629801
6,R,NE,113,E,CG,5.14292465432
6,R,NE,113,E,CD,3.6859053162
6,R,NE,113,E,OE1,3.56771229221
6,R,NE,113,E,OE2,3.04274892162
6,R,NE,113,E,HG2,5.52820332477
6,R,NE,113,E,HG3,5.36614358734
6,R,NE,136,T,CG2,5.99569737395
6,R,NE,136,T,HG21,5.53051326732
6,R,NE,136,T,HG23,5.37082610033
6,R,NE,137,Y,CB,5.76998171574
6,R,NE,137,Y,HB2,5.48314544764
6,R,NE,137,Y,HB3,5.05587519624
6,R,NE,137,Y,HD1,5.68165785665
6,R,NE,161,E,CD,5.57682275135
6,R,NE,161,E,OE1,5.7599501734
6,R,NE,161,E,OE2,4.55968343199
6,R,CZ,89,Y,HE1,5.15536633034
6,R,CZ,112,K,NZ,5.09081466958
6,R,CZ,112,K,HZ1,4.64431835687
6,R,CZ,112,K,HZ2,4.48496778138
6,R,CZ,112,K,HZ3,5.54574954357
6,R,CZ,113,E,CG,5.09902980968
6,R,CZ,113,E,CD,3.77465773283
6,R,CZ,113,E,OE1,3.59673796655
6,R,CZ,113,E,OE2,3.357256916
6,R,CZ,113,E,HB2,5.91289243941
6,R,CZ,113,E,HG2,5.67055014968
6,R,CZ,113,E,HG3,5.08748090906
6,R,CZ,136,T,CG2,5.42485244039
6,R,CZ,136,T,HB,5.73745675365
6,R,CZ,136,T,HG21,5.16707867174
6,R,CZ,136,T,HG23,4.62643469639
6,R,CZ,137,Y,CB,4.85936271542
6,R,CZ,137,Y,CG,5.25399409973
6,R,CZ,137,Y,CD1,5.06180471769
6,R,CZ,137,Y,CE1,5.99417233653
6,R,CZ,137,Y,HB2,4.78566641127
6,R,CZ,137,Y,HB3,4.02948694005
6,R,CZ,137,Y,HD1,4.50503751372
6,R,CZ,160,T,HG1,5.54250322508
6,R,CZ,161,E,CG,5.57732677902
6,R,CZ,161,E,CD,4.28332802853
6,R,CZ,161,E,OE1,4.56412938029
6,R,CZ,161,E,OE2,3.24321229647
6,R,CZ,161,E,HB3,5.71910237712
6,R,CZ,161,E,HG3,5.56257611184
6,R,NH1,112,K,NZ,5.6837947711
6,R,NH1,112,K,HZ1,5.09157834075
6,R,NH1,112,K,HZ2,5.19407749268
6,R,NH1,113,E,CD,4.85547834925
6,R,NH1,113,E,OE1,4.79202931961
6,R,NH1,113,E,OE2,4.34886709385
6,R,NH1,113,E,HG3,5.84815740212
6,R,NH1,136,T,CG2,5.24458511228
6,R,NH1,136,T,HG21,5.02623765853
6,R,NH1,136,T,HG22,5.83647813326
6,R,NH1,136,T,HG23,4.41007879748
6,R,NH1,137,Y,CB,5.31381473143
6,R,NH1,137,Y,CG,5.76452625981
6,R,NH1,137,Y,CD1,5.38428918243
6,R,NH1,137,Y,HB2,5.45424366892
6,R,NH1,137,Y,HB3,4.32819870154
6,R,NH1,137,Y,HD1,4.60696928577
6,R,NH1,160,T,OG1,5.3589642656
6,R,NH1,160,T,HG1,4.65314313126
6,R,NH1,161,E,CB,5.81349774232
6,R,NH1,161,E,CG,4.85272655319
6,R,NH1,161,E,CD,3.51362120895
6,R,NH1,161,E,OE1,3.61412008655
6,R,NH1,161,E,OE2,2.72809475642
6,R,NH1,161,E,HB3,5.43317154156
6,R,NH1,161,E,HG2,5.46660671715
6,R,NH1,161,E,HG3,4.86517995556
6,R,NH2,89,Y,HE1,5.23365675221
6,R,NH2,112,K,NZ,5.56747025138
6,R,NH2,112,K,HZ1,5.32742564472
6,R,NH2,112,K,HZ2,4.77804656737
6,R,NH2,113,E,CB,5.31430748075
6,R,NH2,113,E,CG,4.46821910832
6,R,NH2,113,E,CD,3.26119609959
6,R,NH2,113,E,OE1,2.85389786082
6,R,NH2,113,E,OE2,3.28735197385
6,R,NH2,113,E,HB2,4.91085878437
6,R,NH2,113,E,HB3,5.76748697441
6,R,NH2,113,E,HG2,5.23655936661
6,R,NH2,113,E,HG3,4.41447403436
6,R,NH2,136,T,C,5.76057384294
6,R,NH2,136,T,O,5.82566957525
6,R,NH2,136,T,CG2,5.44409377215
6,R,NH2,136,T,HB,5.4460052332
6,R,NH2,136,T,HG21,5.40379320478
6,R,NH2,136,T,HG23,4.54763422012
6,R,NH2,137,Y,N,5.41041042805
6,R,NH2,137,Y,CA,5.10462045602
6,R,NH2,137,Y,CB,3.72024582521
6,R,NH2,137,Y,CG,3.98744492125
6,R,NH2,137,Y,CD1,3.86534940206
6,R,NH2,137,Y,CD2,4.98540750591
6,R,NH2,137,Y,CE1,4.83361593427
6,R,NH2,137,Y,CE2,5.75195114722
6,R,NH2,137,Y,CZ,5.70288707586
6,R,NH2,137,Y,HA,5.38250694379
6,R,NH2,137,Y,HB2,3.67781755937
6,R,NH2,137,Y,HB3,3.00166986859
6,R,NH2,137,Y,HD1,3.44617672211
6,R,NH2,137,Y,HD2,5.4589745374
6,R,NH2,137,Y,HE1,5.1926425835
6,R,NH2,160,T,HG1,5.6008810914
6,R,NH2,161,E,CB,5.59876325629
6,R,NH2,161,E,CG,5.17129161815
6,R,NH2,161,E,CD,4.02085488423
6,R,NH2,161,E,OE1,4.56906620657
6,R,NH2,161,E,OE2,2.82689140223
6,R,NH2,161,E,HB3,4.89102535262
6,R,NH2,161,E,HG3,5.17290382667
6,R,HB2,161,E,CD,5.82354986241
6,R,HB2,161,E,OE2,5.04449343344
6,R,HB3,112,K,HZ1,5.6960805823
6,R,HB3,161,E,CD,5.72170411678
6,R,HB3,161,E,OE1,5.59006601034
6,R,HB3,161,E,OE2,5.19292797947
6,R,HG2,112,K,NZ,5.82398025409
6,R,HG2,112,K,HZ1,5.00671099625
6,R,HG2,112,K,HZ2,5.94372458985
6,R,HG2,112,K,HZ3,5.82513347487
6,R,HG2,113,E,OE2,5.87145399369
6,R,HG3,89,Y,HE1,5.64657533378
6,R,HG3,112,K,HZ1,5.50315963788
6,R,HG3,112,K,HZ2,5.99016068232
6,R,HG3,113,E,OE1,5.76417288082
6,R,HG3,113,E,OE2,5.41459961585
6,R,HD2,89,Y,HE1,5.19111606497
6,R,HD2,112,K,CE,5.25343877855
6,R,HD2,112,K,NZ,4.1218296908
6,R,HD2,112,K,HE2,5.47358109468
6,R,HD2,112,K,HE3,5.27016261609
6,R,HD2,112,K,HZ1,3.2668414409
6,R,HD2,112,K,HZ2,4.08606485509
6,R,HD2,112,K,HZ3,4.50333498643
6,R,HD2,113,E,CD,5.09010029371
6,R,HD2,113,E,OE1,5.36085161145
6,R,HD2,113,E,OE2,4.06418872593
6,R,HD2,136,T,CG2,5.7595282793
6,R,HD2,136,T,HG21,5.03932078757
6,R,HD2,136,T,HG23,5.36974412798
6,R,HD2,161,E,OE1,5.81611648783
6,R,HD2,161,E,OE2,5.37708415407
6,R,HD3,89,Y,CD1,5.99124870123
6,R,HD3,89,Y,CE1,4.88300337907
6,R,HD3,89,Y,CZ,5.31410302873
6,R,HD3,89,Y,OH,4.70231730108
6,R,HD3,89,Y,HE1,3.90736176979
6,R,HD3,89,Y,HH,5.41137034401
6,R,HD3,112,K,CE,5.04386528369
6,R,HD3,112,K,NZ,3.6627975647
6,R,HD3,112,K,HD2,5.9625120545
6,R,HD3,112,K,HE2,5.27236341691
6,R,HD3,112,K,HE3,5.40108618706
6,R,HD3,112,K,HZ1,3.01801838961
6,R,HD3,112,K,HZ2,3.66047947679
6,R,HD3,112,K,HZ3,3.65143040465
6,R,HD3,113,E,CG,5.96845549535
6,R,HD3,113,E,CD,4.62535133801
6,R,HD3,113,E,OE1,4.8300896472
6,R,HD3,113,E,OE2,3.61909049348
6,R,HD3,113,E,HG2,5.98096589189
6,R,HD3,136,T,HG21,5.90876890731
6,R,HE,89,Y,CD1,5.20636331809
6,R,HE,89,Y,CE1,4.53625241802
6,R,HE,89,Y,CZ,5.50862641681
6,R,HE,89,Y,OH,5.43275197299
6,R,HE,89,Y,HD1,4.86068369677
6,R,HE,89,Y,HE1,3.48885625958
6,R,HE,112,K,CE,5.69993798212
6,R,HE,112,K,NZ,4.29715138202
6,R,HE,112,K,HG3,5.88980483548
6,R,HE,112,K,HE3,5.89399881235
6,R,HE,112,K,HZ1,4.02466706698
6,R,HE,112,K,HZ2,3.72178129395
6,R,HE,112,K,HZ3,4.41425395735
6,R,HE,113,E,CB,5.51881336883
6,R,HE,113,E,CG,4.55628456091
6,R,HE,113,E,CD,3.04135183759
6,R,HE,113,E,OE1,2.81305883337
6,R,HE,113,E,OE2,2.54932343966
6,R,HE,113,E,HB2,5.45833426972
6,R,HE,113,E,HB3,5.56925228375
6,R,HE,113,E,HG2,4.93312102021
6,R,HE,113,E,HG3,4.95694321129
6,R,HE,136,T,HG21,5.85483099671
6,R,HE,136,T,HG23,5.71153341932
6,R,HE,137,Y,CB,5.61580573026
6,R,HE,137,Y,CG,5.96937400403
6,R,HE,137,Y,HB2,5.17054300823
6,R,HE,137,Y,HB3,5.06728418386
6,R,HE,137,Y,HD1,5.80340960126
6,R,HE,161,E,OE2,5.07119847768
6,R,HH11,112,K,NZ,5.75132662957
6,R,HH11,112,K,HZ1,5.01985109341
6,R,HH11,112,K,HZ2,5.42809340377
6,R,HH11,113,E,CD,5.53858474703
6,R,HH11,113,E,OE1,5.55260497424
6,R,HH11,113,E,OE2,4.8589630581
6,R,HH11,136,T,CG2,5.59017012263
6,R,HH11,136,T,HG21,5.23160051992
6,R,HH11,136,T,HG23,4.87227523853
6,R,HH11,137,Y,HB3,5.27479866914
6,R,HH11,137,Y,HD1,5.54685577602
6,R,HH11,160,T,OG1,5.55108935255
6,R,HH11,160,T,HG1,4.91718374682
6,R,HH11,161,E,CG,5.42822972985
6,R,HH11,161,E,CD,4.10979184388
6,R,HH11,161,E,OE1,3.99315076099
6,R,HH11,161,E,OE2,3.52687255228
6,R,HH11,161,E,HG2,5.90026965485
6,R,HH11,161,E,HG3,5.41663631786
6,R,HH12,112,K,HZ1,5.80218613972
6,R,HH12,112,K,HZ2,5.76428772703
6,R,HH12,113,E,CD,5.16758705781
6,R,HH12,113,E,OE1,5.0743709955
6,R,HH12,113,E,OE2,4.82952285428
6,R,HH12,113,E,HG3,5.85925771749
6,R,HH12,136,T,C,5.88139736797
6,R,HH12,136,T,O,5.52316340515
6,R,HH12,136,T,CG2,5.06697394902
6,R,HH12,136,T,HB,5.95042763169
6,R,HH12,136,T,HG21,5.05577501477
6,R,HH12,136,T,HG22,5.56745839679
6,R,HH12,136,T,HG23,4.11757950743
6,R,HH12,137,Y,CA,5.84026694595
6,R,HH12,137,Y,CB,4.83419579661
6,R,HH12,137,Y,CG,5.25864859066
6,R,HH12,137,Y,CD1,4.77121431084
6,R,HH12,137,Y,CE1,5.76578416176
6,R,HH12,137,Y,HA,5.7295334016
6,R,HH12,137,Y,HB2,5.16562387326
6,R,HH12,137,Y,HB3,3.79650128408
6,R,HH12,137,Y,HD1,3.88448066027
6,R,HH12,137,Y,HE1,5.8151317268
6,R,HH12,160,T,CB,5.8903106879
6,R,HH12,160,T,OG1,4.74174166314
6,R,HH12,160,T,HB,5.89994152513
6,R,HH12,160,T,HG1,3.9337347394
6,R,HH12,161,E,N,5.74146827911
6,R,HH12,161,E,CA,5.96247893078
6,R,HH12,161,E,CB,4.8168792802
6,R,HH12,161,E,CG,3.84033813615
6,R,HH12,161,E,CD,2.50116652784
6,R,HH12,161,E,OE1,2.72546326337
6,R,HH12,161,E,OE2,1.76464925693
6,R,HH12,161,E,HB2,5.43158991456
6,R,HH12,161,E,HB3,4.4931037157
6,R,HH12,161,E,HG2,4.47318264774
6,R,HH12,161,E,HG3,3.91123893415
6,R,HH21,89,Y,CD1,5.71922145051
6,R,HH21,89,Y,CE1,5.45545625956
6,R,HH21,89,Y,HD1,5.06342818652
6,R,HH21,89,Y,HE1,4.53163822475
6,R,HH21,112,K,NZ,5.33252763706
6,R,HH21,112,K,HG3,5.81791148094
6,R,HH21,112,K,HZ1,5.25740981853
6,R,HH21,112,K,HZ2,4.46226904164
6,R,HH21,112,K,HZ3,5.68316892235
6,R,HH21,113,E,CA,5.80371820474
6,R,HH21,113,E,CB,4.44922307825
6,R,HH21,113,E,CG,3.72747501668
6,R,HH21,113,E,CD,2.46838449193
6,R,HH21,113,E,OE1,1.86224515035
6,R,HH21,113,E,OE2,2.76115139027
6,R,HH21,113,E,HA,5.77599705679
6,R,HH21,113,E,HB2,4.04795503928
6,R,HH21,113,E,HB3,4.82097064915
6,R,HH21,113,E,HG2,4.52987571573
6,R,HH21,113,E,HG3,3.85650061584
6,R,HH21,136,T,C,5.8364034302
6,R,HH21,136,T,CG2,5.7021326712
6,R,HH21,136,T,HB,5.31383486759
6,R,HH21,136,T,HG21,5.64768952759
6,R,HH21,136,T,HG23,4.89067960513
6,R,HH21,137,Y,N,5.29372505897
6,R,HH21,137,Y,CA,4.99292859953
6,R,HH21,137,Y,CB,3.53624815306
6,R,HH21,137,Y,CG,3.77090798084
6,R,HH21,137,Y,CD1,3.92872014783
6,R,HH21,137,Y,CD2,4.54127228869
6,R,HH21,137,Y,CE1,4.85108864071
6,R,HH21,137,Y,CE2,5.34261377979
6,R,HH21,137,Y,CZ,5.49241522465
6,R,HH21,137,Y,HA,5.45852370151
6,R,HH21,137,Y,HB2,3.23186107375
6,R,HH21,137,Y,HB3,3.07924341357
6,R,HH21,137,Y,HD1,3.78126090081
6,R,HH21,137,Y,HD2,4.88386947
6,R,HH21,137,Y,HE1,5.36697633682
6,R,HH21,161,E,CG,5.96498608548
6,R,HH21,161,E,CD,4.87137495991
6,R,HH21,161,E,OE1,5.43724158007
6,R,HH21,161,E,OE2,3.67643482194
6,R,HH21,161,E,HB3,5.37831469886
6,R,HH21,161,E,HG3,5.98549279508
6,R,HH22,112,K,HZ1,5.99216087902
6,R,HH22,112,K,HZ2,5.43112851993
6,R,HH22,113,E,CB,5.63475003882
6,R,HH22,113,E,CG,4.8510269016
6,R,HH22,113,E,CD,3.8735441136
6,R,HH22,113,E,OE1,3.5116675526
6,R,HH22,113,E,OE2,3.99983237149
6,R,HH22,113,E,HB2,5.13187392674
6,R,HH22,113,E,HG2,5.698808121
6,R,HH22,113,E,HG3,4.58959921998
6,R,HH22,136,T,C,5.25928540773
6,R,HH22,136,T,O,5.16273357825
6,R,HH22,136,T,CB,5.87534177729
6,R,HH22,136,T,CG2,5.26135049203
6,R,HH22,136,T,HB,5.42702174309
6,R,HH22,136,T,HG21,5.40305663491
6,R,HH22,136,T,HG22,5.99223839646
6,R,HH22,136,T,HG23,4.2583166862
6,R,HH22,137,Y,N,4.96401017324
6,R,HH22,137,Y,CA,4.52390472932
6,R,HH22,137,Y,C,5.76485385764
6,R,HH22,137,Y,CB,3.22132783181
6,R,HH22,137,Y,CG,3.46222601804
6,R,HH22,137,Y,CD1,3.17035423888
6,R,HH22,137,Y,CD2,4.64349265101
6,R,HH22,137,Y,CE1,4.24029373983
6,R,HH22,137,Y,CE2,5.41410805212
6,R,HH22,137,Y,CZ,5.2619788103
6,R,HH22,137,Y,HA,4.63652639376
6,R,HH22,137,Y,HB2,3.46945442397
6,R,HH22,137,Y,HB3,2.3759549659
6,R,HH22,137,Y,HD1,2.57515397598
6,R,HH22,137,Y,HD2,5.22595551072
6,R,HH22,137,Y,HE1,4.56122319121
6,R,HH22,160,T,OG1,5.71176732719
6,R,HH22,160,T,HG1,4.9321237819
6,R,HH22,161,E,N,5.83594773794
6,R,HH22,161,E,CA,5.8294489448
6,R,HH22,161,E,CB,4.5842506476
6,R,HH22,161,E,CG,4.20183733621
6,R,HH22,161,E,CD,3.11971376892
6,R,HH22,161,E,OE1,3.811853355
6,R,HH22,161,E,OE2,1.90157697714
6,R,HH22,161,E,HB2,5.06082216641
6,R,HH22,161,E,HB3,3.89293578164
6,R,HH22,161,E,HG2,5.13816650178
6,R,HH22,161,E,HG3,4.25338194852
7,
7,I,HD11,187,R,HH22,5.8057038333
60,
60,F,CE2,242,A,HB1,5.65623001654
60,F,HE2,242,A,O,5.48575810622
60,F,HE2,242,A,CB,5.59762601466
60,F,HE2,242,A,HA,5.59999339285
60,F,HE2,242,A,HB1,4.57743487119
60,F,HE2,242,A,HB3,5.83580577127
62,
62,E,CD,241,S,O,5.5765842592
62,E,OE1,241,S,O,5.27395809616
62,E,OE1,242,A,HA,5.40726002704
62,E,OE2,241,S,O,5.09679212839
62,E,OE2,242,A,HA,5.74432424224
62,E,HB3,242,A,HA,5.72694857669
74,
74,L,CD2,47,I,HG12,5.36535422875
74,L,HD21,45,Q,HE22,5.9743971244
74,L,HD21,47,I,CG1,5.8335533768
74,L,HD21,47,I,CG2,5.65271350769
74,L,HD21,47,I,CD1,5.78316340769
74,L,HD21,47,I,HG12,4.95805425545
74,L,HD21,47,I,HG21,4.64892041231
74,L,HD21,47,I,HG22,5.74501322888
74,L,HD21,47,I,HD11,5.61891475287
74,L,HD21,47,I,HD13,5.19177243338
74,L,HD22,45,Q,HE22,5.67046832281
74,L,HD22,47,I,HG12,5.168334548
74,L,HD22,47,I,HG21,5.37152669173
74,L,HD23,47,I,CG2,5.66515825022
74,L,HD23,47,I,HG12,5.16392118453
74,L,HD23,47,I,HG21,4.58002237986
77,
77,E,CG,45,Q,HE22,5.94341492746
77,E,CD,45,Q,NE2,5.55809877566
77,E,CD,45,Q,HE21,5.3493810857
77,E,CD,45,Q,HE22,4.95708876257
77,E,CD,47,I,HG12,5.18899662748
77,E,OE1,45,Q,CD,5.66601561946
77,E,OE1,45,Q,NE2,4.3694142628
77,E,OE1,45,Q,HE21,4.16000733172
77,E,OE1,45,Q,HE22,3.82130632114
77,E,OE1,47,I,CG1,5.43644773726
77,E,OE1,47,I,HG12,4.468579752
77,E,OE1,47,I,HG13,5.41267558607
77,E,OE1,47,I,HG21,5.99551749226
77,E,OE1,47,I,HD11,5.70282473867
77,E,OE2,45,Q,HE21,5.83355509102
77,E,OE2,45,Q,HE22,5.57987508821
77,E,OE2,47,I,HG12,5.02007858504
77,E,OE2,47,I,HG21,5.66343694235
77,E,HG3,45,Q,HE22,5.59042583351
78,
78,V,HA,27,K,HD3,5.85398069693
78,V,HG22,27,K,HG3,5.7374740958
81,
81,E,CB,27,K,NZ,5.78146426089
81,E,CG,27,K,CD,5.80367693794
81,E,CG,27,K,CE,5.21526269712
81,E,CG,27,K,NZ,4.80380536658
81,E,CG,27,K,HG3,5.95638564903
81,E,CG,27,K,HD3,5.18588758073
81,E,CG,27,K,HE2,4.56764282754
81,E,CG,27,K,HZ1,4.8090200665
81,E,CG,27,K,HZ2,5.61632353057
81,E,CG,27,K,HZ3,3.97606954165
81,E,CD,27,K,CG,5.75640347787
81,E,CD,27,K,CD,4.73989546298
81,E,CD,27,K,CE,4.10350703667
81,E,CD,27,K,NZ,3.42842544034
81,E,CD,27,K,HG3,5.38675607393
81,E,CD,27,K,HD2,5.43840362607
81,E,CD,27,K,HD3,4.16265432146
81,E,CD,27,K,HE2,3.70757333036
81,E,CD,27,K,HE3,5.04260458493
81,E,CD,27,K,HZ1,3.4849245329
81,E,CD,27,K,HZ2,4.16032534785
81,E,CD,27,K,HZ3,2.54770838206
81,E,OE1,25,N,O,5.2560016172
81,E,OE1,27,K,CB,5.84650510989
81,E,OE1,27,K,CG,4.67449655043
81,E,OE1,27,K,CD,3.64020741167
81,E,OE1,27,K,CE,3.29598376816
81,E,OE1,27,K,NZ,2.80628972132
81,E,OE1,27,K,HB3,5.66577143909
81,E,OE1,27,K,HG2,5.25441937801
81,E,OE1,27,K,HG3,4.37120738469
81,E,OE1,27,K,HD2,4.34299401335
81,E,OE1,27,K,HD3,2.95571548022
81,E,OE1,27,K,HE2,3.02522412393
81,E,OE1,27,K,HE3,4.34025137521
81,E,OE1,27,K,HZ1,3.21097399553
81,E,OE1,27,K,HZ2,3.48257749375
81,E,OE1,27,K,HZ3,1.85121284568
81,E,OE2,25,N,O,5.81107683653
81,E,OE2,27,K,CD,5.27036327021
81,E,OE2,27,K,CE,4.42154068171
81,E,OE2,27,K,NZ,3.40530248289
81,E,OE2,27,K,HD2,5.81289101911
81,E,OE2,27,K,HD3,4.83219422209
81,E,OE2,27,K,HE2,4.20202784379
81,E,OE2,27,K,HE3,5.2222402281
81,E,OE2,27,K,HZ1,3.19159286251
81,E,OE2,27,K,HZ2,4.01701145132
81,E,OE2,27,K,HZ3,2.67068867523
81,E,HB2,27,K,CE,5.97315837727
81,E,HB2,27,K,NZ,5.84244452263
81,E,HB2,27,K,HG3,5.79706736204
81,E,HB2,27,K,HD3,5.17006673071
81,E,HB2,27,K,HE2,5.35196122931
81,E,HB2,27,K,HZ3,4.93351994016
81,E,HB3,27,K,NZ,5.70404645844
81,E,HB3,27,K,HD3,5.52768396347
81,E,HB3,27,K,HE2,5.84967870913
81,E,HB3,27,K,HZ1,5.96184652604
81,E,HB3,27,K,HZ3,4.70491434566
81,E,HG2,27,K,CE,5.93561572206
81,E,HG2,27,K,NZ,5.38664394591
81,E,HG2,27,K,HE2,5.29813193494
81,E,HG2,27,K,HZ1,5.2096872267
81,E,HG2,27,K,HZ3,4.61898213896
81,E,HG3,27,K,CD,5.63052626315
81,E,HG3,27,K,CE,5.00783595977
81,E,HG3,27,K,NZ,4.89029958183
81,E,HG3,27,K,HG3,5.44338038355
81,E,HG3,27,K,HD3,5.11817252542
81,E,HG3,27,K,HE2,4.18253284506
81,E,HG3,27,K,HE3,5.86229340787
81,E,HG3,27,K,HZ1,4.88917559513
81,E,HG3,27,K,HZ2,5.8019508788
81,E,HG3,27,K,HZ3,4.19150987116
85,
85,N,HD22,27,K,HE2,5.28174014885
95,
95,R,CB,44,D,OD1,5.78449168035
95,R,CG,44,D,CG,5.52688067539
95,R,CG,44,D,OD1,4.44601180835
95,R,CG,44,D,OD2,5.81000137694
95,R,CD,44,D,CG,4.85623176959
95,R,CD,44,D,OD1,3.77186293494
95,R,CD,44,D,OD2,5.15040784793
95,R,NE,42,S,O,5.49922285419
95,R,NE,44,D,CB,5.11959529651
95,R,NE,44,D,CG,3.69998108103
95,R,NE,44,D,OD1,2.82761896301
95,R,NE,44,D,OD2,3.78365933985
95,R,NE,44,D,HB2,5.2581581376
95,R,NE,44,D,HB3,5.52292848043
95,R,CZ,27,K,HZ1,5.5277139036
95,R,CZ,27,K,HZ3,5.76696436611
95,R,CZ,42,S,O,5.59455217153
95,R,CZ,44,D,CB,5.60107650367
95,R,CZ,44,D,CG,4.08784466437
95,R,CZ,44,D,OD1,3.56415642193
95,R,CZ,44,D,OD2,3.74777720789
95,R,CZ,44,D,HB2,5.87119621542
95,R,NH1,27,K,NZ,5.55958865385
95,R,NH1,27,K,HZ1,4.97330352985
95,R,NH1,27,K,HZ2,5.96369751077
95,R,NH1,27,K,HZ3,5.11769723606
95,R,NH1,44,D,CG,5.38427646021
95,R,NH1,44,D,OD1,4.84996432977
95,R,NH1,44,D,OD2,4.96691946784
95,R,NH2,27,K,NZ,5.5933500695
95,R,NH2,27,K,HZ1,5.08156521163
95,R,NH2,27,K,HZ2,5.61342506853
95,R,NH2,27,K,HZ3,5.30662208943
95,R,NH2,42,S,O,5.15198194873
95,R,NH2,43,I,HA,5.20903321164
95,R,NH2,44,D,N,5.30839241202
95,R,NH2,44,D,CA,5.71006409771
95,R,NH2,44,D,CB,5.04448233221
95,R,NH2,44,D,CG,3.54423955172
95,R,NH2,44,D,OD1,3.43350622542
95,R,NH2,44,D,OD2,2.8589683454
95,R,NH2,44,D,HB2,5.4632002526
95,R,NH2,44,D,HB3,5.6506085513
95,R,NH2,45,Q,N,5.64301532871
95,R,NH2,45,Q,HB2,5.68422255018
95,R,HB2,44,D,OD1,5.79220001381
95,R,HG2,44,D,CG,5.78142032722
95,R,HG2,44,D,OD1,4.8488425423
95,R,HG2,44,D,OD2,5.83986207029
95,R,HG3,44,D,CG,5.04381423131
95,R,HG3,44,D,OD1,3.96037384599
95,R,HG3,44,D,OD2,5.45199871607
95,R,HD2,44,D,CB,5.87837145815
95,R,HD2,44,D,CG,4.7926805652
95,R,HD2,44,D,OD1,3.60780182383
95,R,HD2,44,D,OD2,5.32792839667
95,R,HD2,44,D,HB2,5.70901252407
95,R,HD3,44,D,CG,5.68833974021
95,R,HD3,44,D,OD1,4.67349783353
95,R,HD3,44,D,OD2,5.8682059439
95,R,HE,42,S,O,5.00721329683
95,R,HE,43,I,HA,5.97299020592
95,R,HE,44,D,N,5.38089667249
95,R,HE,44,D,CA,5.3414293031
95,R,HE,44,D,CB,4.12478181241
95,R,HE,44,D,CG,2.74490892381
95,R,HE,44,D,OD1,1.80847062459
95,R,HE,44,D,OD2,3.0261663867
95,R,HE,44,D,HB2,4.27940206104
95,R,HE,44,D,HB3,4.509339863
95,R,HH11,27,K,HZ1,5.63996852828
95,R,HH11,27,K,HZ3,5.7712846057
95,R,HH11,44,D,OD1,5.29797121547
95,R,HH11,44,D,OD2,5.73801585916
95,R,HH12,27,K,CE,5.80394176401
95,R,HH12,27,K,NZ,4.61524203049
95,R,HH12,27,K,HE2,5.67021816159
95,R,HH12,27,K,HZ1,4.09928152241
95,R,HH12,27,K,HZ2,5.06019219003
95,R,HH12,27,K,HZ3,4.12119715617
95,R,HH12,44,D,CG,5.90598256008
95,R,HH12,44,D,OD1,5.54589460773
95,R,HH12,44,D,OD2,5.2937304427
95,R,HH21,27,K,HZ1,5.80861377611
95,R,HH21,42,S,C,5.79100552581
95,R,HH21,42,S,O,4.67862597351
95,R,HH21,43,I,CA,5.52958750722
95,R,HH21,43,I,C,5.41455390591
95,R,HH21,43,I,HA,4.64217642922
95,R,HH21,43,I,HG22,5.90599712157
95,R,HH21,44,D,N,4.39799783993
95,R,HH21,44,D,CA,4.70724176137
95,R,HH21,44,D,C,5.12236995931
95,R,HH21,44,D,CB,4.05618996103
95,R,HH21,44,D,CG,2.57204685027
95,R,HH21,44,D,OD1,2.66499305815
95,R,HH21,44,D,OD2,1.84286977294
95,R,HH21,44,D,HA,5.7218816835
95,R,HH21,44,D,HB2,4.54478272308
95,R,HH21,44,D,HB3,4.67334719446
95,R,HH21,45,Q,N,4.72551997139
95,R,HH21,45,Q,CA,5.81178913933
95,R,HH21,45,Q,O,5.81929359974
95,R,HH21,45,Q,CB,5.79455356348
95,R,HH21,45,Q,HB2,5.06711051784
95,R,HH21,45,Q,HB3,5.81254135469
95,R,HH22,25,N,O,5.72118003562
95,R,HH22,25,N,OD1,5.79619823678
95,R,HH22,27,K,NZ,4.66058816031
95,R,HH22,27,K,HZ1,4.22851203144
95,R,HH22,27,K,HZ2,4.65766228917
95,R,HH22,27,K,HZ3,4.35611030623
95,R,HH22,42,S,O,5.58734507615
95,R,HH22,43,I,HA,5.28713759987
95,R,HH22,44,D,N,5.68559064654
95,R,HH22,44,D,CB,5.75826996588
95,R,HH22,44,D,CG,4.31164806078
95,R,HH22,44,D,OD1,4.36373486821
95,R,HH22,44,D,OD2,3.42275955919
95,R,HH22,45,Q,N,5.86474628607
95,R,HH22,45,Q,HB2,5.61524790192
98,
98,Q,NE2,27,K,NZ,5.81041108701
98,Q,HE21,27,K,NZ,5.85310567135
98,Q,HE21,27,K,HZ1,5.98493692532
98,Q,HE21,27,K,HZ3,4.94494196124
98,Q,HE22,27,K,NZ,4.9966624861
98,Q,HE22,27,K,HE2,5.93489486006
98,Q,HE22,27,K,HZ1,4.90125473731
98,Q,HE22,27,K,HZ2,5.40182876441
98,Q,HE22,27,K,HZ3,4.15099614551
99,
99,M,CA,67,Y,CE2,5.50269842895
99,M,C,67,Y,CE2,5.73839097657
99,M,C,67,Y,CZ,5.86809031969
99,M,C,67,Y,OH,5.82342888683
99,M,C,67,Y,HE2,5.57799390462
99,M,C,67,Y,HH,5.63250166445
99,M,O,45,Q,OE1,5.94360000336
99,M,O,67,Y,CD2,5.75029442724
99,M,O,67,Y,CE1,5.86329830386
99,M,O,67,Y,CE2,5.38159799688
99,M,O,67,Y,CZ,5.45048089621
99,M,O,67,Y,OH,5.62260491232
99,M,O,67,Y,HE2,5.44592746922
99,M,O,67,Y,HH,5.61639822306
99,M,CB,44,D,CG,5.92288890661
99,M,CB,44,D,OD1,5.50529363431
99,M,CB,44,D,HB3,5.90432129885
99,M,CB,45,Q,HB3,5.90846587534
99,M,CB,67,Y,CD2,5.29834823318
99,M,CB,67,Y,CE2,4.52233357903
99,M,CB,67,Y,CZ,4.99912692377
99,M,CB,67,Y,OH,4.84298317156
99,M,CB,67,Y,HD2,5.38271502125
99,M,CB,67,Y,HE2,3.93329353087
99,M,CB,67,Y,HH,4.28646532705
99,M,CG,44,D,CB,5.4443509255
99,M,CG,44,D,CG,4.61502643546
99,M,CG,44,D,OD1,4.08285071978
99,M,CG,44,D,OD2,4.94687628711
99,M,CG,44,D,HB3,4.96476202854
99,M,CG,45,Q,HB3,5.67150218196
99,M,CG,67,Y,CD2,5.46738273765
99,M,CG,67,Y,CE2,4.78528379514
99,M,CG,67,Y,CZ,5.56795204721
99,M,CG,67,Y,OH,5.48237557998
99,M,CG,67,Y,HD2,5.29157793101
99,M,CG,67,Y,HE2,3.95441146063
99,M,CG,67,Y,HH,4.7670243339
99,M,SD,44,D,CA,5.82507115836
99,M,SD,44,D,C,5.52924090631
99,M,SD,44,D,CB,4.94824170792
99,M,SD,44,D,CG,3.878421844
99,M,SD,44,D,OD1,3.69895241927
99,M,SD,44,D,OD2,3.76483014225
99,M,SD,44,D,HB2,5.74618995509
99,M,SD,44,D,HB3,4.73286921434
99,M,SD,45,Q,N,5.22967628061
99,M,SD,45,Q,CA,5.86227924958
99,M,SD,45,Q,CB,5.10781068561
99,M,SD,45,Q,HB2,4.60673159626
99,M,SD,45,Q,HB3,4.54486831492
99,M,SD,67,Y,CD2,5.34103257807
99,M,SD,67,Y,CE2,5.11611532317
99,M,SD,67,Y,HD2,4.84486470399
99,M,SD,67,Y,HE2,4.39319234726
99,M,SD,67,Y,HH,5.8695134381
99,M,CE,44,D,N,5.5269091724
99,M,CE,44,D,CA,4.72893656122
99,M,CE,44,D,C,4.09369686225
99,M,CE,44,D,O,4.45507328784
99,M,CE,44,D,CB,4.15131653816
99,M,CE,44,D,CG,3.55793437264
99,M,CE,44,D,OD1,3.86277516819
99,M,CE,44,D,OD2,3.47924201515
99,M,CE,44,D,HA,5.56104720354
99,M,CE,44,D,HB2,5.12689828259
99,M,CE,44,D,HB3,3.76434137666
99,M,CE,45,Q,N,3.86304996085
99,M,CE,45,Q,CA,4.37802432611
99,M,CE,45,Q,C,5.69285666428
99,M,CE,45,Q,O,5.94947342208
99,M,CE,45,Q,CB,3.68420561315
99,M,CE,45,Q,CG,4.93579517403
99,M,CE,45,Q,CD,5.02415983026
99,M,CE,45,Q,OE1,5.32563921046
99,M,CE,45,Q,NE2,5.31432610968
99,M,CE,45,Q,HA,4.83120285229
99,M,CE,45,Q,HB2,3.49738659573
99,M,CE,45,Q,HB3,2.94700882252
99,M,CE,45,Q,HG2,5.46167822194
99,M,CE,45,Q,HG3,5.69916037676
99,M,CE,45,Q,HE21,5.49560096805
99,M,CE,45,Q,HE22,5.77932011572
99,M,CE,66,R,HB3,5.34455423773
99,M,CE,67,Y,CB,5.48905146633
99,M,CE,67,Y,CG,4.87340886854
99,M,CE,67,Y,CD1,5.86270910075
99,M,CE,67,Y,CD2,3.6484308956
99,M,CE,67,Y,CE1,5.89377171258
99,M,CE,67,Y,CE2,3.69088512419
99,M,CE,67,Y,CZ,4.93837685885
99,M,CE,67,Y,OH,5.51838001591
99,M,CE,67,Y,HB3,4.84034595871
99,M,CE,67,Y,HD2,3.05447393179
99,M,CE,67,Y,HE2,3.14182271938
99,M,CE,67,Y,HH,5.06478992654
99,M,HA,45,Q,CD,5.96540736245
99,M,HA,45,Q,OE1,5.87989132553
99,M,HA,45,Q,NE2,5.85860845253
99,M,HA,45,Q,HB2,5.71107292897
99,M,HA,45,Q,HB3,5.28746460981
99,M,HA,45,Q,HE22,5.73867563119
99,M,HA,67,Y,CD2,5.63963216886
99,M,HA,67,Y,CE2,5.35756567855
99,M,HA,67,Y,CZ,5.98572978007
99,M,HA,67,Y,HD2,5.55189373097
99,M,HA,67,Y,HE2,5.02546883385
99,M,HA,67,Y,HH,5.87779397393
99,M,HB2,44,D,CG,5.84631473665
99,M,HB2,44,D,OD1,5.6085606888
99,M,HB2,44,D,HB3,5.49134036461
99,M,HB2,45,Q,HB3,5.27542718649
99,M,HB2,67,Y,CG,5.29464266972
99,M,HB2,67,Y,CD1,5.58104586973
99,M,HB2,67,Y,CD2,4.30048427506
99,M,HB2,67,Y,CE1,5.00345620546
99,M,HB2,67,Y,CE2,3.5046352164
99,M,HB2,67,Y,CZ,3.95200645242
99,M,HB2,67,Y,OH,3.92601006112
99,M,HB2,67,Y,HD2,4.50431637432
99,M,HB2,67,Y,HE1,5.62679251439
99,M,HB2,67,Y,HE2,3.04617448614
99,M,HB2,67,Y,HH,3.47483006779
99,M,HB3,44,D,OD1,5.98580562665
99,M,HB3,67,Y,CD2,5.96673252291
99,M,HB3,67,Y,CE2,4.99709175421
99,M,HB3,67,Y,CZ,5.24215423276
99,M,HB3,67,Y,OH,4.79974218058
99,M,HB3,67,Y,HE2,4.38680760918
99,M,HB3,67,Y,HH,4.19415235775
99,M,HG2,44,D,CA,5.9585545227
99,M,HG2,44,D,C,5.92560250101
99,M,HG2,44,D,CB,4.71747326437
99,M,HG2,44,D,CG,4.08709505639
99,M,HG2,44,D,OD1,3.50248840112
99,M,HG2,44,D,OD2,4.67093737916
99,M,HG2,44,D,HB2,5.24823179747
99,M,HG2,44,D,HB3,4.14694260872
99,M,HG2,45,Q,HB3,5.71334035394
99,M,HG2,67,Y,CD2,5.1166333658
99,M,HG2,67,Y,CE2,4.29624324265
99,M,HG2,67,Y,CZ,5.08768365762
99,M,HG2,67,Y,OH,4.91897601133
99,M,HG2,67,Y,HD2,4.97354219847
99,M,HG2,67,Y,HE2,3.33373439254
99,M,HG2,67,Y,HH,4.10915052048
99,M,HG3,44,D,CG,5.05072272056
99,M,HG3,44,D,OD1,4.30506689843
99,M,HG3,44,D,OD2,5.38340505628
99,M,HG3,44,D,HB3,5.6550893008
99,M,HG3,67,Y,CE2,5.81858745745
99,M,HG3,67,Y,HE2,4.95070691922
99,M,HG3,67,Y,HH,5.55254896421
99,M,HE1,44,D,N,4.98860331155
99,M,HE1,44,D,CA,4.37422690312
99,M,HE1,44,D,C,3.60132086879
99,M,HE1,44,D,O,4.13141380159
99,M,HE1,44,D,CB,4.10326955001
99,M,HE1,44,D,CG,3.48708316505
99,M,HE1,44,D,OD1,4.07312288054
99,M,HE1,44,D,OD2,3.06757118907
99,M,HE1,44,D,HA,5.29453170734
99,M,HE1,44,D,HB2,5.14913060623
99,M,HE1,44,D,HB3,3.93564861236
99,M,HE1,45,Q,N,3.0648016249
99,M,HE1,45,Q,CA,3.4930541078
99,M,HE1,45,Q,C,4.70294429055
99,M,HE1,45,Q,O,4.89937914434
99,M,HE1,45,Q,CB,2.78991702386
99,M,HE1,45,Q,CG,4.13229935992
99,M,HE1,45,Q,CD,4.3910397402
99,M,HE1,45,Q,OE1,4.90919270349
99,M,HE1,45,Q,NE2,4.63632591607
99,M,HE1,45,Q,HA,4.10716264592
99,M,HE1,45,Q,HB2,2.47190796754
99,M,HE1,45,Q,HB3,2.28450804332
99,M,HE1,45,Q,HG2,4.76032362345
99,M,HE1,45,Q,HG3,4.78614469067
99,M,HE1,45,Q,HE21,4.68056342762
99,M,HE1,45,Q,HE22,5.23326370442
99,M,HE1,46,I,N,5.7991367461
99,M,HE1,66,R,HB3,5.61150158157
99,M,HE1,67,Y,CB,5.34590029836
99,M,HE1,67,Y,CG,5.02816626615
99,M,HE1,67,Y,CD2,3.91625612033
99,M,HE1,67,Y,CE2,4.3002973153
99,M,HE1,67,Y,CZ,5.62307015784
99,M,HE1,67,Y,HB2,5.94057185799
99,M,HE1,67,Y,HB3,4.53017052659
99,M,HE1,67,Y,HD2,3.08829742739
99,M,HE1,67,Y,HE2,3.88608980854
99,M,HE1,67,Y,HH,5.97021482026
99,M,HE2,44,D,CA,5.49126561004
99,M,HE2,44,D,C,4.65327035535
99,M,HE2,44,D,O,4.76976194375
99,M,HE2,44,D,CB,5.00615860716
99,M,HE2,44,D,CG,4.58687736919
99,M,HE2,44,D,OD1,4.86853869246
99,M,HE2,44,D,OD2,4.53997643166
99,M,HE2,44,D,HB2,5.98509172862
99,M,HE2,44,D,HB3,4.46435247264
99,M,HE2,45,Q,N,4.43003002247
99,M,HE2,45,Q,CA,4.65418542819
99,M,HE2,45,Q,CB,3.73689255933
99,M,HE2,45,Q,CG,4.73607041755
99,M,HE2,45,Q,CD,4.58803520039
99,M,HE2,45,Q,OE1,4.6626867791
99,M,HE2,45,Q,NE2,4.97647294778
99,M,HE2,45,Q,HA,4.95422486369
99,M,HE2,45,Q,HB2,3.72402900096
99,M,HE2,45,Q,HB3,2.82129828271
99,M,HE2,45,Q,HG2,5.1745556331
99,M,HE2,45,Q,HG3,5.62222055775
99,M,HE2,45,Q,HE21,5.35108390889
99,M,HE2,45,Q,HE22,5.32675360797
99,M,HE2,66,R,HB3,5.29683499837
99,M,HE2,67,Y,CB,4.91981412251
99,M,HE2,67,Y,CG,4.23280911452
99,M,HE2,67,Y,CD1,5.11795007791
99,M,HE2,67,Y,CD2,3.15135542267
99,M,HE2,67,Y,CE1,5.16561574258
99,M,HE2,67,Y,CE2,3.21712728999
99,M,HE2,67,Y,CZ,4.33354854594
99,M,HE2,67,Y,OH,4.99565841506
99,M,HE2,67,Y,HB2,5.36677230745
99,M,HE2,67,Y,HB3,4.37425833714
99,M,HE2,67,Y,HD2,2.78954440725
99,M,HE2,67,Y,HE2,2.9137211603
99,M,HE2,67,Y,HH,4.68527779326
99,M,HE3,44,D,N,5.00084252901
99,M,HE3,44,D,CA,4.02646991793
99,M,HE3,44,D,C,3.56958555017
99,M,HE3,44,D,O,3.85890930186
99,M,HE3,44,D,CB,3.29450421156
99,M,HE3,44,D,CG,2.95890080942
99,M,HE3,44,D,OD1,3.26420909257
99,M,HE3,44,D,OD2,3.22948045357
99,M,HE3,44,D,HA,4.75809173934
99,M,HE3,44,D,HB2,4.22732598696
99,M,HE3,44,D,HB3,2.75759478532
99,M,HE3,45,Q,N,3.69539740759
99,M,HE3,45,Q,CA,4.45888483816
99,M,HE3,45,Q,C,5.84686001201
99,M,HE3,45,Q,CB,4.10810394221
99,M,HE3,45,Q,CG,5.45813677
99,M,HE3,45,Q,CD,5.7515612663
99,M,HE3,45,Q,HA,4.77936711291
99,M,HE3,45,Q,HB2,4.08962761141
99,M,HE3,45,Q,HB3,3.33999371257
99,M,HE3,45,Q,HG2,5.83716814903
99,M,HE3,66,R,CB,5.5817314518
99,M,HE3,66,R,HB2,5.99206041358
99,M,HE3,66,R,HB3,4.51417733369
99,M,HE3,66,R,HG2,5.25235052143
99,M,HE3,67,Y,CB,5.45718141535
99,M,HE3,67,Y,CG,4.69364517193
99,M,HE3,67,Y,CD1,5.64191979737
99,M,HE3,67,Y,CD2,3.33154813863
99,M,HE3,67,Y,CE1,5.55434820659
99,M,HE3,67,Y,CE2,3.17842319398
99,M,HE3,67,Y,CZ,4.47413287688
99,M,HE3,67,Y,OH,4.97836127656
99,M,HE3,67,Y,HB3,4.91401811148
99,M,HE3,67,Y,HD2,2.77521710862
99,M,HE3,67,Y,HE2,2.44144322072
99,M,HE3,67,Y,HH,4.44695963553
102,
102,K,N,45,Q,OE1,5.7986589829
102,K,CA,45,Q,CD,4.90446419092
102,K,CA,45,Q,OE1,4.40941424681
102,K,CA,45,Q,NE2,4.55481997449
102,K,CA,45,Q,HE21,5.33237704968
102,K,CA,45,Q,HE22,3.79266476241
102,K,C,45,Q,CD,4.87000626283
102,K,C,45,Q,OE1,4.03400024789
102,K,C,45,Q,NE2,4.8826051448
102,K,C,45,Q,HE21,5.80829794346
102,K,C,45,Q,HE22,4.19339981399
102,K,C,47,I,HD11,5.8342211134
102,K,O,45,Q,CD,4.67702790242
102,K,O,45,Q,OE1,3.75551980423
102,K,O,45,Q,NE2,4.73365545852
102,K,O,45,Q,HE21,5.68644405582
102,K,O,45,Q,HE22,4.00370740689
102,K,O,47,I,HD11,5.07528452404
102,K,O,67,Y,HB2,5.81922005083
102,K,CB,45,Q,CB,5.32822597118
102,K,CB,45,Q,CG,5.23716154038
102,K,CB,45,Q,CD,3.96398852168
102,K,CB,45,Q,OE1,3.73613409824
102,K,CB,45,Q,NE2,3.59501390818
102,K,CB,45,Q,HB2,5.08042931257
102,K,CB,45,Q,HB3,4.8796165833
102,K,CB,45,Q,HG2,5.86390569501
102,K,CB,45,Q,HG3,5.8707193767
102,K,CB,45,Q,HE21,4.28602578154
102,K,CB,45,Q,HE22,3.06481157659
102,K,CB,47,I,HD11,5.67200141044
102,K,CB,67,Y,HD2,5.99606037328
102,K,CG,45,Q,CB,5.50990435489
102,K,CG,45,Q,CG,5.51391811691
102,K,CG,45,Q,CD,4.3484780096
102,K,CG,45,Q,OE1,4.51906693909
102,K,CG,45,Q,NE2,3.55508269946
102,K,CG,45,Q,HB2,4.97144506155
102,K,CG,45,Q,HB3,5.2904224784
102,K,CG,45,Q,HG3,5.92226223668
102,K,CG,45,Q,HE21,3.92708250486
102,K,CG,45,Q,HE22,3.04317827279
102,K,CG,47,I,HD11,5.89050507172
102,K,CD,45,Q,CB,4.71007568941
102,K,CD,45,Q,CG,5.09146756839
102,K,CD,45,Q,CD,4.29029392932
102,K,CD,45,Q,OE1,4.74881048264
102,K,CD,45,Q,NE2,3.56769028925
102,K,CD,45,Q,HB2,3.99232125461
102,K,CD,45,Q,HB3,4.54140385784
102,K,CD,45,Q,HG3,5.47443229933
102,K,CD,45,Q,HE21,3.67386798892
102,K,CD,45,Q,HE22,3.47532976853
102,K,CE,45,Q,CB,5.40691381474
102,K,CE,45,Q,CG,5.8306071725
102,K,CE,45,Q,CD,5.20564923905
102,K,CE,45,Q,OE1,5.88665703095
102,K,CE,45,Q,NE2,4.2578116445
102,K,CE,45,Q,HB2,4.4782669639
102,K,CE,45,Q,HB3,5.48113081398
102,K,CE,45,Q,HG3,5.96174898834
102,K,CE,45,Q,HE21,4.01377278879
102,K,CE,45,Q,HE22,4.22915251558
102,K,NZ,25,N,OD1,5.22634537703
102,K,NZ,45,Q,CB,5.31975967502
102,K,NZ,45,Q,CG,5.47320984432
102,K,NZ,45,Q,CD,4.89760900849
102,K,NZ,45,Q,OE1,5.74696833122
102,K,NZ,45,Q,NE2,3.75359534313
102,K,NZ,45,Q,HB2,4.36841447209
102,K,NZ,45,Q,HB3,5.65855820859
102,K,NZ,45,Q,HG3,5.34926770689
102,K,NZ,45,Q,HE21,3.25507449992
102,K,NZ,45,Q,HE22,3.77249532803
102,K,NZ,47,I,CG1,5.68980535695
102,K,NZ,47,I,HG12,5.10240198338
102,K,NZ,47,I,HG13,5.13147853937
102,K,HA,45,Q,CD,4.98605946615
102,K,HA,45,Q,OE1,4.58915613158
102,K,HA,45,Q,NE2,4.43263228793
102,K,HA,45,Q,HE21,5.14893979378
102,K,HA,45,Q,HE22,3.52773553431
102,K,HA,47,I,HD11,5.6275381829
102,K,HB2,45,Q,CB,4.49275349869
102,K,HB2,45,Q,CG,4.24138574053
102,K,HB2,45,Q,CD,2.92508341761
102,K,HB2,45,Q,OE1,2.65057767289
102,K,HB2,45,Q,NE2,2.73772186316
102,K,HB2,45,Q,HB2,4.38118134754
102,K,HB2,45,Q,HB3,4.08721445486
102,K,HB2,45,Q,HG2,4.81664385231
102,K,HB2,45,Q,HG3,4.91155026443
102,K,HB2,45,Q,HE21,3.55327581254
102,K,HB2,45,Q,HE22,2.31220025084
102,K,HB2,47,I,CD1,5.7694413941
102,K,HB2,47,I,HG12,5.71904756056
102,K,HB2,47,I,HG13,5.62692109417
102,K,HB2,47,I,HD11,4.75308804884
102,K,HB2,67,Y,CB,5.68719447531
102,K,HB2,67,Y,CG,5.72744576578
102,K,HB2,67,Y,CD2,5.5536907548
102,K,HB2,67,Y,HB2,5.41362549499
102,K,HB2,67,Y,HB3,5.11863204382
102,K,HB2,67,Y,HD2,5.34517184008
102,K,HB3,45,Q,CB,5.38647983381
102,K,HB3,45,Q,CG,5.55438511448
102,K,HB3,45,Q,CD,4.45877090688
102,K,HB3,45,Q,OE1,4.1957050659
102,K,HB3,45,Q,NE2,4.2884941413
102,K,HB3,45,Q,HB2,5.17394095444
102,K,HB3,45,Q,HB3,4.76303359216
102,K,HB3,45,Q,HE21,4.9451287142
102,K,HB3,45,Q,HE22,3.9384769899
102,K,HB3,67,Y,CD2,5.61792826583
102,K,HB3,67,Y,CE2,5.79114263337
102,K,HB3,67,Y,HB3,5.96930322567
102,K,HB3,67,Y,HD2,5.53105677064
102,K,HB3,67,Y,HE2,5.82695924132
102,K,HG2,45,Q,CD,5.43303975689
102,K,HG2,45,Q,OE1,5.547709978
102,K,HG2,45,Q,NE2,4.61447039215
102,K,HG2,45,Q,HB2,5.95795585751
102,K,HG2,45,Q,HE21,4.9384553253
102,K,HG2,45,Q,HE22,4.04019430226
102,K,HG3,45,Q,CB,5.56660848273
102,K,HG3,45,Q,CG,5.32215022336
102,K,HG3,45,Q,CD,4.08551330924
102,K,HG3,45,Q,OE1,4.34860529365
102,K,HG3,45,Q,NE2,3.07343635041
102,K,HG3,45,Q,HB2,5.02198765431
102,K,HG3,45,Q,HB3,5.52692789893
102,K,HG3,45,Q,HG3,5.5707468081
102,K,HG3,45,Q,HE21,3.38433376014
102,K,HG3,45,Q,HE22,2.40962237705
102,K,HG3,47,I,CG1,5.73846477727
102,K,HG3,47,I,CD1,5.98661256471
102,K,HG3,47,I,HG12,5.0753928912
102,K,HG3,47,I,HG13,5.46041399529
102,K,HG3,47,I,HD11,5.1579377662
102,K,HD2,44,D,OD2,5.45445386817
102,K,HD2,45,Q,N,5.2891191138
102,K,HD2,45,Q,CA,5.00942322029
102,K,HD2,45,Q,C,5.73495623349
102,K,HD2,45,Q,O,5.80125382999
102,K,HD2,45,Q,CB,3.62313248447
102,K,HD2,45,Q,CG,4.0402175684
102,K,HD2,45,Q,CD,3.37666373807
102,K,HD2,45,Q,OE1,3.95542627286
102,K,HD2,45,Q,NE2,2.80753735505
102,K,HD2,45,Q,HA,5.71069951932
102,K,HD2,45,Q,HB2,2.93856172302
102,K,HD2,45,Q,HB3,3.50064522624
102,K,HD2,45,Q,HG2,4.97702752655
102,K,HD2,45,Q,HG3,4.46180243848
102,K,HD2,45,Q,HE21,2.91249618026
102,K,HD2,45,Q,HE22,2.97620647805
102,K,HD2,47,I,HG12,5.75248294217
102,K,HD2,47,I,HG13,5.3265529191
102,K,HD2,47,I,HD11,5.62394354524
102,K,HD2,67,Y,CD2,5.79634074223
102,K,HD2,67,Y,HB3,5.59097925233
102,K,HD2,67,Y,HD2,5.18625462159
102,K,HD3,44,D,OD2,5.75675238307
102,K,HD3,45,Q,CB,5.09991156786
102,K,HD3,45,Q,CG,5.6951385409
102,K,HD3,45,Q,CD,4.98087010471
102,K,HD3,45,Q,OE1,5.31598683219
102,K,HD3,45,Q,NE2,4.4578554261
102,K,HD3,45,Q,HB2,4.44002027022
102,K,HD3,45,Q,HB3,4.74405733524
102,K,HD3,45,Q,HE21,4.62709963152
102,K,HD3,45,Q,HE22,4.39584667613
102,K,HD3,67,Y,HD2,5.89858779709
102,K,HE2,25,N,OD1,5.91080544427
102,K,HE2,27,K,HZ3,5.72255135407
102,K,HE2,44,D,OD2,5.22899244597
102,K,HE2,45,Q,CB,5.32549377992
102,K,HE2,45,Q,CD,5.63605118855
102,K,HE2,45,Q,NE2,4.82862392406
102,K,HE2,45,Q,HB2,4.3306786997
102,K,HE2,45,Q,HB3,5.40971810726
102,K,HE2,45,Q,HE21,4.489167963
102,K,HE2,45,Q,HE22,4.9852420202
102,K,HE3,45,Q,NE2,5.09846388631
102,K,HE3,45,Q,HB2,5.55903633735
102,K,HE3,45,Q,HE21,4.91881225501
102,K,HE3,45,Q,HE22,4.90048130289
102,K,HZ1,25,N,OD1,4.89025940007
102,K,HZ1,25,N,HA,5.84104947762
102,K,HZ1,27,K,NZ,5.99498965804
102,K,HZ1,27,K,HD3,5.95950174092
102,K,HZ1,27,K,HZ2,5.68774445628
102,K,HZ1,27,K,HZ3,5.28141818075
102,K,HZ1,45,Q,CD,5.77267572275
102,K,HZ1,45,Q,NE2,4.62279060741
102,K,HZ1,45,Q,HB2,5.00625668539
102,K,HZ1,45,Q,HG3,5.97942421977
102,K,HZ1,45,Q,HE21,4.00099450137
102,K,HZ1,45,Q,HE22,4.68095567166
102,K,HZ1,47,I,HG12,5.52105886583
102,K,HZ1,47,I,HG13,5.58847465772
102,K,HZ2,25,N,OD1,5.81350961124
102,K,HZ2,45,Q,CB,5.75736337224
102,K,HZ2,45,Q,CG,5.6570842313
102,K,HZ2,45,Q,CD,4.86084581117
102,K,HZ2,45,Q,OE1,5.60345259639
102,K,HZ2,45,Q,NE2,3.60526365194
102,K,HZ2,45,Q,HB2,4.91224480253
102,K,HZ2,45,Q,HG3,5.52034971718
102,K,HZ2,45,Q,HE21,3.22712100796
102,K,HZ2,45,Q,HE22,3.38412189497
102,K,HZ2,47,I,CG1,5.35720048159
102,K,HZ2,47,I,HG12,4.62350559641
102,K,HZ2,47,I,HG13,4.97853854058
102,K,HZ2,47,I,HD11,5.67819522384
102,K,HZ3,25,N,CG,5.67815515815
102,K,HZ3,25,N,OD1,4.53359868096
102,K,HZ3,25,N,HD22,5.65446770262
102,K,HZ3,45,Q,N,5.97853711204
102,K,HZ3,45,Q,CA,5.57306145669
102,K,HZ3,45,Q,C,5.63518003262
102,K,HZ3,45,Q,O,5.28985188829
102,K,HZ3,45,Q,CB,4.4626577283
102,K,HZ3,45,Q,CG,4.60278383155
102,K,HZ3,45,Q,CD,4.20180663525
102,K,HZ3,45,Q,OE1,5.17703235454
102,K,HZ3,45,Q,NE2,3.12656408858
102,K,HZ3,45,Q,HB2,3.50827478969
102,K,HZ3,45,Q,HB3,4.92230880787
102,K,HZ3,45,Q,HG2,5.68605680591
102,K,HZ3,45,Q,HG3,4.41142924685
102,K,HZ3,45,Q,HE21,2.47412267279
102,K,HZ3,45,Q,HE22,3.38425885535
102,K,HZ3,47,I,CG1,5.00593667559
102,K,HZ3,47,I,CD1,5.91050471618
102,K,HZ3,47,I,HB,5.62641004549
102,K,HZ3,47,I,HG12,4.56855042656
102,K,HZ3,47,I,HG13,4.327787541
102,K,HZ3,47,I,HD11,5.49884733376
103,
103,V,N,45,Q,CD,5.60376453824
103,V,CA,45,Q,OE1,5.14903194785
103,V,CA,67,Y,CG,5.9641211423
103,V,CA,67,Y,CD1,5.64168866564
103,V,CA,67,Y,CE1,5.87715475379
103,V,CA,67,Y,HB2,5.588097798
103,V,CA,67,Y,HD1,5.567084156
103,V,CA,67,Y,HE1,5.9939055715
103,V,CB,45,Q,OE1,5.87632248945
103,V,CB,67,Y,CG,5.46172088265
103,V,CB,67,Y,CD1,4.86723710127
103,V,CB,67,Y,CD2,5.91895100503
103,V,CB,67,Y,CE1,4.80154995809
103,V,CB,67,Y,CE2,5.85106161308
103,V,CB,67,Y,CZ,5.32020836058
103,V,CB,67,Y,OH,5.77457539565
103,V,CB,67,Y,HB2,5.5542165064
103,V,CB,67,Y,HD1,4.85861852794
103,V,CB,67,Y,HE1,4.75298495685
103,V,CB,89,Y,CG,5.92185334165
103,V,CB,89,Y,CD1,5.85110083659
103,V,CB,89,Y,CD2,5.95220169349
103,V,CB,89,Y,CE1,5.81278539084
103,V,CB,89,Y,CE2,5.93060924358
103,V,CB,89,Y,CZ,5.85284793925
103,V,CG1,67,Y,CG,5.79364531189
103,V,CG1,67,Y,CD1,4.90419922108
103,V,CG1,67,Y,CE1,4.85359753173
103,V,CG1,67,Y,CZ,5.68759492228
103,V,CG1,67,Y,HB2,5.75554602101
103,V,CG1,67,Y,HD1,4.61192205051
103,V,CG1,67,Y,HE1,4.52751333515
103,V,CG1,89,Y,CB,5.56507079919
103,V,CG1,89,Y,CG,4.85823568798
103,V,CG1,89,Y,CD1,4.53933937925
103,V,CG1,89,Y,CD2,5.0323515378
103,V,CG1,89,Y,CE1,4.40343286539
103,V,CG1,89,Y,CE2,4.92491309568
103,V,CG1,89,Y,CZ,4.60560745179
103,V,CG1,89,Y,OH,5.06588541126
103,V,CG1,89,Y,HB2,5.40914725257
103,V,CG1,89,Y,HB3,5.42245055302
103,V,CG1,89,Y,HD1,4.81955983467
103,V,CG1,89,Y,HD2,5.6249363552
103,V,CG1,89,Y,HE1,4.59106294882
103,V,CG1,89,Y,HE2,5.46488069403
103,V,CG1,89,Y,HH,5.37103844708
103,V,CG2,45,Q,OE1,5.19211209432
103,V,CG2,45,Q,HB3,5.9494880452
103,V,CG2,67,Y,CB,4.89295687698
103,V,CG2,67,Y,CG,4.04648847768
103,V,CG2,67,Y,CD1,3.53612966391
103,V,CG2,67,Y,CD2,4.40648397251
103,V,CG2,67,Y,CE1,3.45263464618
103,V,CG2,67,Y,CE2,4.32635273643
103,V,CG2,67,Y,CZ,3.8750136774
103,V,CG2,67,Y,OH,4.48501538459
103,V,CG2,67,Y,HB2,4.50850318842
103,V,CG2,67,Y,HB3,5.2739120205
103,V,CG2,67,Y,HD1,3.76078209951
103,V,CG2,67,Y,HD2,5.16660023613
103,V,CG2,67,Y,HE1,3.63193529678
103,V,CG2,67,Y,HE2,5.03487229232
103,V,CG2,67,Y,HH,5.03709201822
103,V,CG2,89,Y,CB,5.95176998884
103,V,CG2,89,Y,CG,5.52860931881
103,V,CG2,89,Y,CD1,5.81711620994
103,V,CG2,89,Y,CD2,5.31848333644
103,V,CG2,89,Y,CE1,5.90090179549
103,V,CG2,89,Y,CE2,5.42788411814
103,V,CG2,89,Y,CZ,5.71372129177
103,V,CG2,89,Y,HB3,5.37327097772
103,V,CG2,89,Y,HD2,5.45411459359
103,V,CG2,89,Y,HE2,5.65394393322
103,V,HA,45,Q,CD,5.64238584289
103,V,HA,45,Q,OE1,4.47162487246
103,V,HA,45,Q,HE22,5.80114342177
103,V,HA,67,Y,CB,5.5787064809
103,V,HA,67,Y,CG,5.4529454426
103,V,HA,67,Y,CD1,5.19640702794
103,V,HA,67,Y,CE1,5.67967930433
103,V,HA,67,Y,HB2,4.75689856945
103,V,HA,67,Y,HB3,5.83773115174
103,V,HA,67,Y,HD1,4.99872573763
103,V,HA,67,Y,HE1,5.86662023656
103,V,HA,89,Y,HB2,5.73835011131
103,V,HA,89,Y,HB3,5.67382128728
103,V,HB,67,Y,CD1,5.5987157456
103,V,HB,67,Y,CE1,5.29896489892
103,V,HB,67,Y,CZ,5.62611464512
103,V,HB,67,Y,OH,5.84419558194
103,V,HB,67,Y,HD1,5.70253005253
103,V,HB,67,Y,HE1,5.18184223998
103,V,HG11,67,Y,CG,5.7900007772
103,V,HG11,67,Y,CD1,4.72900084584
103,V,HG11,67,Y,CE1,4.4113623746
103,V,HG11,67,Y,CZ,5.24462572545
103,V,HG11,67,Y,OH,5.50864947151
103,V,HG11,67,Y,HD1,4.49284163976
103,V,HG11,67,Y,HE1,3.88994421554
103,V,HG11,89,Y,CB,5.56851811526
103,V,HG11,89,Y,CG,4.61671669046
103,V,HG11,89,Y,CD1,4.31227422597
103,V,HG11,89,Y,CD2,4.54330859617
103,V,HG11,89,Y,CE1,3.91104921984
103,V,HG11,89,Y,CE2,4.18022846266
103,V,HG11,89,Y,CZ,3.83972329732
103,V,HG11,89,Y,OH,4.14814223478
103,V,HG11,89,Y,HB2,5.59341478884
103,V,HG11,89,Y,HB3,5.47303106149
103,V,HG11,89,Y,HD1,4.80177737926
103,V,HG11,89,Y,HD2,5.17051506138
103,V,HG11,89,Y,HE1,4.14937923068
103,V,HG11,89,Y,HE2,4.61049086324
103,V,HG11,89,Y,HH,4.36374712833
103,V,HG11,112,K,HZ3,5.53444197729
103,V,HG12,67,Y,CB,5.75258115979
103,V,HG12,67,Y,CG,5.32971068633
103,V,HG12,67,Y,CD1,4.45229850751
103,V,HG12,67,Y,CE1,4.68178908111
103,V,HG12,67,Y,CZ,5.69304997343
103,V,HG12,67,Y,HB2,5.00339224926
103,V,HG12,67,Y,HD1,3.97070636033
103,V,HG12,67,Y,HE1,4.42415743391
103,V,HG12,89,Y,CB,4.59808166522
103,V,HG12,89,Y,CG,4.06123183283
103,V,HG12,89,Y,CD1,3.81611713657
103,V,HG12,89,Y,CD2,4.44634883922
103,V,HG12,89,Y,CE1,3.99147754597
103,V,HG12,89,Y,CE2,4.61197669118
103,V,HG12,89,Y,CZ,4.39094454531
103,V,HG12,89,Y,OH,5.12150925021
103,V,HG12,89,Y,HB2,4.36700286238
103,V,HG12,89,Y,HB3,4.47113072947
103,V,HG12,89,Y,HD1,4.00665284246
103,V,HG12,89,Y,HD2,5.03145813855
103,V,HG12,89,Y,HE1,4.29800290833
103,V,HG12,89,Y,HE2,5.29597894633
103,V,HG12,89,Y,HH,5.51238768593
103,V,HG13,67,Y,CD1,5.97011917804
103,V,HG13,67,Y,CE1,5.92065570693
103,V,HG13,67,Y,HD1,5.61707949027
103,V,HG13,67,Y,HE1,5.53464651084
103,V,HG13,89,Y,CG,5.47515196136
103,V,HG13,89,Y,CD1,4.90044191885
103,V,HG13,89,Y,CD2,5.79185868267
103,V,HG13,89,Y,CE1,4.6591859804
103,V,HG13,89,Y,CE2,5.6017957835
103,V,HG13,89,Y,CZ,5.03756816331
103,V,HG13,89,Y,OH,5.36038972464
103,V,HG13,89,Y,HB2,5.91384299758
103,V,HG13,89,Y,HD1,5.01803328008
103,V,HG13,89,Y,HE1,4.59549061581
103,V,HG13,89,Y,HH,5.77485835324
103,V,HG21,67,Y,CB,5.17954920818
103,V,HG21,67,Y,CG,4.08421473481
103,V,HG21,67,Y,CD1,3.32820161649
103,V,HG21,67,Y,CD2,4.36189362548
103,V,HG21,67,Y,CE1,2.83886121535
103,V,HG21,67,Y,CE2,3.98941110942
103,V,HG21,67,Y,CZ,3.23594715655
103,V,HG21,67,Y,OH,3.63590566434
103,V,HG21,67,Y,HB2,4.94679653918
103,V,HG21,67,Y,HB3,5.66494104118
103,V,HG21,67,Y,HD1,3.64285643417
103,V,HG21,67,Y,HD2,5.25304130957
103,V,HG21,67,Y,HE1,2.8270410326
103,V,HG21,67,Y,HE2,4.69181052473
103,V,HG21,67,Y,HH,4.27234467243
103,V,HG21,89,Y,CB,5.9633005123
103,V,HG21,89,Y,CG,5.32078734775
103,V,HG21,89,Y,CD1,5.63496282153
103,V,HG21,89,Y,CD2,4.86675682565
103,V,HG21,89,Y,CE1,5.53087289675
103,V,HG21,89,Y,CE2,4.76476410749
103,V,HG21,89,Y,CZ,5.10791875425
103,V,HG21,89,Y,OH,5.5403340152
103,V,HG21,89,Y,HB3,5.43937055182
103,V,HG21,89,Y,HD2,5.0007848384
103,V,HG21,89,Y,HE2,4.83923805986
103,V,HG21,89,Y,HH,5.39862723292
103,V,HG22,45,Q,CD,5.6195655526
103,V,HG22,45,Q,OE1,4.775023979
103,V,HG22,45,Q,HB3,5.32127184045
103,V,HG22,67,Y,CB,4.93472238328
103,V,HG22,67,Y,CG,4.07915591759
103,V,HG22,67,Y,CD1,3.90445501959
103,V,HG22,67,Y,CD2,4.13167992468
103,V,HG22,67,Y,CE1,3.81402490815
103,V,HG22,67,Y,CE2,4.03057737799
103,V,HG22,67,Y,CZ,3.87808212909
103,V,HG22,67,Y,OH,4.47628517858
103,V,HG22,67,Y,HB2,4.67364472334
103,V,HG22,67,Y,HB3,5.09950840768
103,V,HG22,67,Y,HD1,4.34423480028
103,V,HG22,67,Y,HD2,4.73731485126
103,V,HG22,67,Y,HE1,4.20944295602
103,V,HG22,67,Y,HE2,4.56949723711
103,V,HG22,67,Y,HH,4.83610194268
103,V,HG23,45,Q,CD,5.60625552397
103,V,HG23,45,Q,OE1,4.57795041476
103,V,HG23,45,Q,HB3,5.4902001785
103,V,HG23,45,Q,HG2,5.95890291916
103,V,HG23,67,Y,CA,5.29749025483
103,V,HG23,67,Y,CB,3.98610599458
103,V,HG23,67,Y,CG,3.33904132948
103,V,HG23,67,Y,CD1,2.86131910139
103,V,HG23,67,Y,CD2,3.98925619634
103,V,HG23,67,Y,CE1,3.18910018657
103,V,HG23,67,Y,CE2,4.21951679698
103,V,HG23,67,Y,CZ,3.86877099348
103,V,HG23,67,Y,OH,4.74805275876
103,V,HG23,67,Y,HA,5.26018326677
103,V,HG23,67,Y,HB2,3.49386276204
103,V,HG23,67,Y,HB3,4.45557830141
103,V,HG23,67,Y,HD1,2.92412687823
103,V,HG23,67,Y,HD2,4.74292631189
103,V,HG23,67,Y,HE1,3.48350226066
103,V,HG23,67,Y,HE2,5.07273032991
103,V,HG23,67,Y,HH,5.36198302869
103,V,HG23,89,Y,CB,5.04923380326
103,V,HG23,89,Y,CG,4.83023860694
103,V,HG23,89,Y,CD1,5.2603652915
103,V,HG23,89,Y,CD2,4.75223431661
103,V,HG23,89,Y,CE1,5.58717656782
103,V,HG23,89,Y,CE2,5.1291317004
103,V,HG23,89,Y,CZ,5.52695766222
103,V,HG23,89,Y,HB2,5.13221774674
103,V,HG23,89,Y,HB3,4.40139125732
103,V,HG23,89,Y,HD1,5.68124018151
103,V,HG23,89,Y,HD2,4.82435674469
103,V,HG23,89,Y,HE2,5.47383339169
105,
105,I,CB,45,Q,HE22,5.89793099315
105,I,CG2,47,I,HD11,5.90546568867
105,I,CD1,45,Q,HE22,5.64341067086
105,I,HB,45,Q,OE1,5.56723962121
105,I,HB,45,Q,NE2,5.86655418453
105,I,HB,45,Q,HE22,4.93021105025
105,I,HB,47,I,HD11,5.58751259506
105,I,HG21,45,Q,HE22,5.55173927702
105,I,HG21,47,I,HG12,5.8307654729
105,I,HG21,47,I,HD11,5.50959263467
105,I,HG21,47,I,HD13,5.56809491658
105,I,HG23,45,Q,HE22,5.85977303315
105,I,HG23,47,I,CD1,5.87545555681
105,I,HG23,47,I,HD11,5.30048997735
105,I,HG23,47,I,HD13,5.32635597759
105,I,HD12,45,Q,HE22,5.68175685858
105,I,HD13,45,Q,NE2,5.67021551619
105,I,HD13,45,Q,HE22,4.67112267019
106,
106,Q,CA,91,T,HG1,5.31958137451
106,Q,C,91,T,HG1,5.92874742252
106,Q,C,115,Q,NE2,5.71924557962
106,Q,C,115,Q,HE21,5.84029468435
106,Q,C,115,Q,HE22,5.26952796747
106,Q,O,91,T,HG1,5.68133399828
106,Q,O,115,Q,CD,5.61196168911
106,Q,O,115,Q,OE1,5.73084199747
106,Q,O,115,Q,NE2,4.82480569557
106,Q,O,115,Q,HE21,5.11250017115
106,Q,O,115,Q,HE22,4.2792402363
106,Q,O,117,W,HH2,5.93587609372
106,Q,CB,45,Q,OE1,5.99508740553
106,Q,CB,69,A,HB3,5.65639416943
106,Q,CB,89,Y,HB2,5.11220109151
106,Q,CB,89,Y,HB3,5.99201118157
106,Q,CB,89,Y,HD1,5.59361108766
106,Q,CB,91,T,OG1,5.42549177495
106,Q,CB,91,T,HG1,4.59567035371
106,Q,CB,115,Q,NE2,5.88239713042
106,Q,CB,115,Q,HE21,5.56131297447
106,Q,CB,115,Q,HE22,5.74913236932
106,Q,CG,45,Q,CD,5.6708717143
106,Q,CG,45,Q,OE1,4.59186247616
106,Q,CG,45,Q,HE22,5.93997314809
106,Q,CG,47,I,CD1,5.7609159862
106,Q,CG,47,I,HD11,5.01941918951
106,Q,CG,47,I,HD12,5.81378878185
106,Q,CG,47,I,HD13,5.6982850929
106,Q,CG,67,Y,HB2,5.0027318537
106,Q,CG,69,A,CB,5.57023967168
106,Q,CG,69,A,HB1,5.931099898
106,Q,CG,69,A,HB2,5.75150441189
106,Q,CG,69,A,HB3,4.55799901272
106,Q,CG,89,Y,CB,5.9815590777
106,Q,CG,89,Y,HB2,5.18376311187
106,Q,CG,89,Y,HB3,5.68309510742
106,Q,CG,91,T,OG1,5.46539486222
106,Q,CG,91,T,HB,5.74688028412
106,Q,CG,91,T,HG1,4.52573861375
106,Q,CD,45,Q,CG,5.93169486741
106,Q,CD,45,Q,CD,5.27548443273
106,Q,CD,45,Q,OE1,4.20666174062
106,Q,CD,45,Q,HG2,5.31505682002
106,Q,CD,47,I,CD1,5.68917120502
106,Q,CD,47,I,HD11,5.01252640891
106,Q,CD,47,I,HD12,5.47633874044
106,Q,CD,47,I,HD13,5.82748685112
106,Q,CD,67,Y,CA,5.44570785114
106,Q,CD,67,Y,C,5.54800117159
106,Q,CD,67,Y,CB,4.80245020797
106,Q,CD,67,Y,CG,5.63099973362
106,Q,CD,67,Y,CD1,5.66163492288
106,Q,CD,67,Y,HA,5.15957992476
106,Q,CD,67,Y,HB2,3.72594122337
106,Q,CD,67,Y,HB3,5.12858372263
106,Q,CD,67,Y,HD1,5.03809696215
106,Q,CD,68,L,N,5.20346682511
106,Q,CD,68,L,CA,5.91147849527
106,Q,CD,68,L,C,5.33977087523
106,Q,CD,68,L,O,5.09527634187
106,Q,CD,69,A,N,5.64390272772
106,Q,CD,69,A,CA,5.96176995531
106,Q,CD,69,A,CB,5.19475350715
106,Q,CD,69,A,HB1,5.76251004338
106,Q,CD,69,A,HB2,5.46281182176
106,Q,CD,69,A,HB3,4.12999866828
106,Q,CD,89,Y,CA,5.74885040682
106,Q,CD,89,Y,C,5.39975869831
106,Q,CD,89,Y,O,5.15898100404
106,Q,CD,89,Y,CB,4.72668858716
106,Q,CD,89,Y,CG,5.60247213291
106,Q,CD,89,Y,CD1,5.8883490046
106,Q,CD,89,Y,HB2,4.024302921
106,Q,CD,89,Y,HB3,4.32697145819
106,Q,CD,89,Y,HD1,5.52119851119
106,Q,CD,90,L,N,5.84381536327
106,Q,CD,90,L,HA,5.95557100537
106,Q,CD,91,T,CB,5.86242381614
106,Q,CD,91,T,OG1,5.18968139677
106,Q,CD,91,T,HB,5.31075992679
106,Q,CD,91,T,HG1,4.24807838911
106,Q,OE1,45,Q,OE1,5.2265731603
106,Q,OE1,45,Q,HG2,5.9853528718
106,Q,OE1,67,Y,CA,5.36863576712
106,Q,OE1,67,Y,C,5.54811869015
106,Q,OE1,67,Y,CB,4.99661005082
106,Q,OE1,67,Y,CG,5.8085931171
106,Q,OE1,67,Y,CD1,5.64242093432
106,Q,OE1,67,Y,HA,4.85125849651
106,Q,OE1,67,Y,HB2,3.94398960445
106,Q,OE1,67,Y,HB3,5.52722452954
106,Q,OE1,67,Y,HD1,4.83732457046
106,Q,OE1,68,L,N,5.03632832528
106,Q,OE1,68,L,CA,5.7978684014
106,Q,OE1,68,L,C,5.19992778796
106,Q,OE1,68,L,O,4.70367696595
106,Q,OE1,69,A,N,5.73200505931
106,Q,OE1,69,A,CB,5.49278581414
106,Q,OE1,69,A,HA,5.88646591768
106,Q,OE1,69,A,HB2,5.96245696001
106,Q,OE1,69,A,HB3,4.41070300519
106,Q,OE1,89,Y,N,5.93582791193
106,Q,OE1,89,Y,CA,4.73856149058
106,Q,OE1,89,Y,C,4.39862092024
106,Q,OE1,89,Y,O,4.36199094451
106,Q,OE1,89,Y,CB,3.8204561246
106,Q,OE1,89,Y,CG,4.80852014657
106,Q,OE1,89,Y,CD1,5.06533651399
106,Q,OE1,89,Y,CD2,5.86654736621
106,Q,OE1,89,Y,HA,5.1903449789
106,Q,OE1,89,Y,HB2,2.99439643334
106,Q,OE1,89,Y,HB3,3.62667368259
106,Q,OE1,89,Y,HD1,4.60503517902
106,Q,OE1,90,L,N,4.74779127595
106,Q,OE1,90,L,CA,5.31486980085
106,Q,OE1,90,L,C,5.2825635822
106,Q,OE1,90,L,O,5.79855361276
106,Q,OE1,90,L,HA,5.11001898235
106,Q,OE1,91,T,N,5.23507067765
106,Q,OE1,91,T,CA,5.98001688961
106,Q,OE1,91,T,CB,5.35463360091
106,Q,OE1,91,T,OG1,4.56945259304
106,Q,OE1,91,T,HB,4.9670928117
106,Q,OE1,91,T,HG1,3.70776563445
106,Q,OE1,113,E,HB3,5.88052973804
106,Q,OE1,115,Q,HE21,5.57968368279
106,Q,NE2,45,Q,CB,5.743114399
106,Q,NE2,45,Q,CG,4.63740595592
106,Q,NE2,45,Q,CD,4.08387683458
106,Q,NE2,45,Q,OE1,3.07185562812
106,Q,NE2,45,Q,NE2,5.09346031692
106,Q,NE2,45,Q,HB3,5.48478595754
106,Q,NE2,45,Q,HG2,4.00845119716
106,Q,NE2,45,Q,HG3,5.27490634988
106,Q,NE2,45,Q,HE21,5.9255097671
106,Q,NE2,45,Q,HE22,5.12527589501
106,Q,NE2,46,I,O,5.86511739013
106,Q,NE2,47,I,CD1,4.8987421855
106,Q,NE2,47,I,HD11,4.18893435136
106,Q,NE2,47,I,HD12,4.62330466225
106,Q,NE2,47,I,HD13,5.25680939354
106,Q,NE2,67,Y,N,5.92585597193
106,Q,NE2,67,Y,CA,4.52206081339
106,Q,NE2,67,Y,C,4.54123716624
106,Q,NE2,67,Y,O,5.17358550717
106,Q,NE2,67,Y,CB,3.77584348193
106,Q,NE2,67,Y,CG,4.74953534569
106,Q,NE2,67,Y,CD1,5.06678300305
106,Q,NE2,67,Y,CD2,5.78333087416
106,Q,NE2,67,Y,HA,4.46236181859
106,Q,NE2,67,Y,HB2,2.76030795383
106,Q,NE2,67,Y,HB3,3.93696088373
106,Q,NE2,67,Y,HD1,4.62765113205
106,Q,NE2,67,Y,HD2,5.95428744687
106,Q,NE2,68,L,N,4.39579264752
106,Q,NE2,68,L,CA,5.14966231903
106,Q,NE2,68,L,C,4.81875450713
106,Q,NE2,68,L,O,4.86072453447
106,Q,NE2,68,L,HA,5.37271895785
106,Q,NE2,69,A,N,5.08955106075
106,Q,NE2,69,A,CA,5.66413797501
106,Q,NE2,69,A,CB,5.00143719345
106,Q,NE2,69,A,HA,5.90678415045
106,Q,NE2,69,A,HB1,5.76234900019
106,Q,NE2,69,A,HB2,5.07688339437
106,Q,NE2,69,A,HB3,4.0387137804
106,Q,NE2,89,Y,CA,5.92744034133
106,Q,NE2,89,Y,C,5.50333753281
106,Q,NE2,89,Y,O,4.98182406353
106,Q,NE2,89,Y,CB,4.95893264725
106,Q,NE2,89,Y,CG,5.88895695349
106,Q,NE2,89,Y,HB2,4.50606191702
106,Q,NE2,89,Y,HB3,4.29106513584
106,Q,NE2,90,L,HA,5.99086120687
106,Q,NE2,91,T,HB,5.74863435957
106,Q,NE2,91,T,HG1,5.09635811144
106,Q,HA,69,A,HB3,5.8435995756
106,Q,HA,91,T,OG1,5.49812749943
106,Q,HA,91,T,HG1,4.8013453323
106,Q,HA,91,T,HG21,5.95587357153
106,Q,HA,115,Q,NE2,5.35556486283
106,Q,HA,115,Q,HE21,5.22036560022
106,Q,HA,115,Q,HE22,4.8899251528
106,Q,HB2,69,A,HB3,5.43958794395
106,Q,HB2,89,Y,CB,5.70102543408
106,Q,HB2,89,Y,CD1,5.95024688563
106,Q,HB2,89,Y,HB2,4.68703851062
106,Q,HB2,89,Y,HB3,5.80564053314
106,Q,HB2,89,Y,HD1,5.19790063391
106,Q,HB2,91,T,CB,5.65588728671
106,Q,HB2,91,T,OG1,4.50083825526
106,Q,HB2,91,T,HB,5.53789571949
106,Q,HB2,91,T,HG1,3.73680184115
106,Q,HB2,91,T,HG21,5.95996535225
106,Q,HB2,115,Q,CD,5.85829821706
106,Q,HB2,115,Q,NE2,4.91353375892
106,Q,HB2,115,Q,HG2,5.67401665489
106,Q,HB2,115,Q,HE21,4.57116024659
106,Q,HB2,115,Q,HE22,4.88626043105
106,Q,HB3,67,Y,HB2,5.8035480527
106,Q,HB3,89,Y,CB,5.5973744738
106,Q,HB3,89,Y,CG,5.84125551573
106,Q,HB3,89,Y,CD1,5.46331492777
106,Q,HB3,89,Y,HB2,4.74942880776
106,Q,HB3,89,Y,HB3,5.58539148136
106,Q,HB3,89,Y,HD1,4.92816974139
106,Q,HB3,91,T,HG1,5.3843370994
106,Q,HG2,45,Q,CD,5.09745662071
106,Q,HG2,45,Q,OE1,3.99082886128
106,Q,HG2,45,Q,NE2,5.60799714693
106,Q,HG2,45,Q,HG2,5.95790407778
106,Q,HG2,45,Q,HE22,5.15624853939
106,Q,HG2,47,I,CD1,5.59962400523
106,Q,HG2,47,I,HD11,4.71776355915
106,Q,HG2,47,I,HD12,5.79857620455
106,Q,HG2,47,I,HD13,5.6273982443
106,Q,HG2,67,Y,CB,5.94661920758
106,Q,HG2,67,Y,HB2,4.93959411288
106,Q,HG2,69,A,HB3,5.18808490678
106,Q,HG2,89,Y,HB2,5.7725687523
106,Q,HG2,91,T,HG1,5.59206026434
106,Q,HG3,45,Q,CD,5.77853588723
106,Q,HG3,45,Q,OE1,4.8404096934
106,Q,HG3,45,Q,HE22,5.9269130245
106,Q,HG3,47,I,CD1,5.18597377548
106,Q,HG3,47,I,HD11,4.57487792187
106,Q,HG3,47,I,HD12,5.27971485972
106,Q,HG3,47,I,HD13,4.95393843321
106,Q,HG3,67,Y,HB2,5.61069505498
106,Q,HG3,69,A,CA,5.99727838273
106,Q,HG3,69,A,CB,4.79392959898
106,Q,HG3,69,A,HB1,5.03934211976
106,Q,HG3,69,A,HB2,4.96557529396
106,Q,HG3,69,A,HB3,3.84899285528
106,Q,HG3,89,Y,HB2,5.91175921364
106,Q,HG3,91,T,CB,5.69373936882
106,Q,HG3,91,T,OG1,5.04636661371
106,Q,HG3,91,T,HB,5.13233026997
106,Q,HG3,91,T,HG1,4.11854209642
106,Q,HG3,91,T,HG21,5.76236323048
106,Q,HG3,115,Q,HE21,5.69646934513
106,Q,HE21,45,Q,CB,5.17889293189
106,Q,HE21,45,Q,CG,4.03063382113
106,Q,HE21,45,Q,CD,3.24077290164
106,Q,HE21,45,Q,OE1,2.18844830873
106,Q,HE21,45,Q,NE2,4.15352103642
106,Q,HE21,45,Q,HA,5.8802035679
106,Q,HE21,45,Q,HB2,5.83091365054
106,Q,HE21,45,Q,HB3,4.96032761015
106,Q,HE21,45,Q,HG2,3.60639681677
106,Q,HE21,45,Q,HG3,4.65985858155
106,Q,HE21,45,Q,HE21,5.0222995729
106,Q,HE21,45,Q,HE22,4.12584124755
106,Q,HE21,46,I,O,5.67808885101
106,Q,HE21,47,I,CG1,5.49095346912
106,Q,HE21,47,I,CD1,4.28301435907
106,Q,HE21,47,I,HG12,5.78351597214
106,Q,HE21,47,I,HG13,5.42844019954
106,Q,HE21,47,I,HD11,3.43904696101
106,Q,HE21,47,I,HD12,4.18057711327
106,Q,HE21,47,I,HD13,4.71029574443
106,Q,HE21,67,Y,CA,4.90307138435
106,Q,HE21,67,Y,C,4.86965214363
106,Q,HE21,67,Y,O,5.28808358482
106,Q,HE21,67,Y,CB,3.94725942902
106,Q,HE21,67,Y,CG,4.85208171819
106,Q,HE21,67,Y,CD1,5.3365476668
106,Q,HE21,67,Y,CD2,5.68357238011
106,Q,HE21,67,Y,HA,5.04197084482
106,Q,HE21,67,Y,HB2,3.04879959984
106,Q,HE21,67,Y,HB3,3.86055617755
106,Q,HE21,67,Y,HD1,5.08151079897
106,Q,HE21,67,Y,HD2,5.73755348559
106,Q,HE21,68,L,N,4.90283285459
106,Q,HE21,68,L,CA,5.57709001183
106,Q,HE21,68,L,C,5.3096463159
106,Q,HE21,68,L,O,5.53361834607
106,Q,HE21,68,L,HA,5.6091548383
106,Q,HE21,69,A,N,5.3836702165
106,Q,HE21,69,A,CA,5.95531527293
106,Q,HE21,69,A,CB,5.16067253369
106,Q,HE21,69,A,HB1,5.92787187783
106,Q,HE21,69,A,HB2,5.02615777707
106,Q,HE21,69,A,HB3,4.2988377499
106,Q,HE21,89,Y,O,5.86316433336
106,Q,HE21,89,Y,CB,5.84133221106
106,Q,HE21,89,Y,HB2,5.44013134033
106,Q,HE21,89,Y,HB3,5.10763144716
106,Q,HE21,91,T,HG1,5.81546670526
106,Q,HE22,45,Q,CB,5.45966253536
106,Q,HE22,45,Q,CG,4.45311194559
106,Q,HE22,45,Q,CD,4.22426822065
106,Q,HE22,45,Q,OE1,3.34353540433
106,Q,HE22,45,Q,NE2,5.38379067201
106,Q,HE22,45,Q,HA,5.50197755357
106,Q,HE22,45,Q,HB3,5.1950431182
106,Q,HE22,45,Q,HG2,3.64630950414
106,Q,HE22,45,Q,HG3,5.12614484774
106,Q,HE22,45,Q,HE22,5.58655609477
106,Q,HE22,46,I,O,5.53208297118
106,Q,HE22,47,I,CD1,5.22756645104
106,Q,HE22,47,I,HD11,4.62511783634
106,Q,HE22,47,I,HD12,4.76656207344
106,Q,HE22,47,I,HD13,5.69515522177
106,Q,HE22,66,R,C,5.89590747892
106,Q,HE22,66,R,O,5.85714444077
106,Q,HE22,67,Y,N,5.01510368786
106,Q,HE22,67,Y,CA,3.58202540471
106,Q,HE22,67,Y,C,3.60948791382
106,Q,HE22,67,Y,O,4.35167680326
106,Q,HE22,67,Y,CB,3.03137493557
106,Q,HE22,67,Y,CG,4.16320669677
106,Q,HE22,67,Y,CD1,4.53525589135
106,Q,HE22,67,Y,CD2,5.28392884131
106,Q,HE22,67,Y,CE1,5.86214201466
106,Q,HE22,67,Y,HA,3.49665282806
106,Q,HE22,67,Y,HB2,2.04891190635
106,Q,HE22,67,Y,HB3,3.30787318378
106,Q,HE22,67,Y,HD1,4.07353151455
106,Q,HE22,67,Y,HD2,5.45829451386
106,Q,HE22,68,L,N,3.47167236357
106,Q,HE22,68,L,CA,4.36983546601
106,Q,HE22,68,L,C,4.23638938248
106,Q,HE22,68,L,O,4.30402637074
106,Q,HE22,68,L,CB,5.73405415042
106,Q,HE22,68,L,HA,4.66726397368
106,Q,HE22,68,L,HB2,5.76969539924
106,Q,HE22,69,A,N,4.71376855605
106,Q,HE22,69,A,CA,5.49299581285
106,Q,HE22,69,A,CB,5.10075425795
106,Q,HE22,69,A,HA,5.70219843569
106,Q,HE22,69,A,HB1,5.95977163992
106,Q,HE22,69,A,HB2,5.23054079422
106,Q,HE22,69,A,HB3,4.18732719046
106,Q,HE22,87,L,HD11,5.9568707389
106,Q,HE22,89,Y,CA,5.24956541058
106,Q,HE22,89,Y,C,4.76333328668
106,Q,HE22,89,Y,O,4.11790954247
106,Q,HE22,89,Y,CB,4.41461085488
106,Q,HE22,89,Y,CG,5.46639497292
106,Q,HE22,89,Y,HB2,4.12059049166
106,Q,HE22,89,Y,HB3,3.64298174577
106,Q,HE22,89,Y,HD2,5.86992512729
106,Q,HE22,90,L,N,5.51332966546
106,Q,HE22,90,L,CA,5.91284914403
106,Q,HE22,90,L,HA,5.30919899797
106,Q,HE22,91,T,HB,5.77848639351
106,Q,HE22,91,T,HG1,5.28080505226
107,
107,F,CG,89,Y,HE1,5.53983330074
107,F,CD1,89,Y,CD1,5.28526896194
107,F,CD1,89,Y,CE1,5.08321404232
107,F,CD1,89,Y,HD1,4.78911818605
107,F,CD1,89,Y,HE1,4.39380666393
107,F,CD1,113,E,CD,4.77872681789
107,F,CD1,113,E,OE1,3.98133784048
107,F,CD1,113,E,OE2,4.78679443887
107,F,CD2,89,Y,HE1,5.67312559353
107,F,CE1,89,Y,CG,5.50462069538
107,F,CE1,89,Y,CD1,4.28028702309
107,F,CE1,89,Y,CE1,3.83510130244
107,F,CE1,89,Y,CE2,5.91214461934
107,F,CE1,89,Y,CZ,4.79540227718
107,F,CE1,89,Y,OH,5.00194442192
107,F,CE1,89,Y,HB2,5.89348088993
107,F,CE1,89,Y,HD1,3.99559432375
107,F,CE1,89,Y,HE1,3.10436209228
107,F,CE1,89,Y,HH,5.80988304529
107,F,CE1,112,K,NZ,5.24689984658
107,F,CE1,112,K,HZ1,5.18818378626
107,F,CE1,112,K,HZ2,4.82248794711
107,F,CE1,112,K,HZ3,4.89279511118
107,F,CE1,113,E,CB,5.99218916591
107,F,CE1,113,E,CG,5.43390513351
107,F,CE1,113,E,CD,4.0576844382
107,F,CE1,113,E,OE1,3.58818923693
107,F,CE1,113,E,OE2,3.84872082646
107,F,CE1,113,E,HB3,5.60791841952
107,F,CE1,113,E,HG2,5.63242798445
107,F,CE2,89,Y,CE1,5.33966262979
107,F,CE2,89,Y,CZ,5.7954083549
107,F,CE2,89,Y,OH,5.60835171864
107,F,CE2,89,Y,HE1,4.74342376349
107,F,CE2,112,K,HZ1,5.95736636443
107,F,CE2,112,K,HZ3,5.76670104999
107,F,CE2,113,E,OE1,5.9503777191
107,F,CE2,113,E,OE2,5.75425451297
107,F,CZ,89,Y,CG,5.84754136368
107,F,CZ,89,Y,CD1,4.75318188165
107,F,CZ,89,Y,CE1,4.00656473803
107,F,CZ,89,Y,CE2,5.70959867241
107,F,CZ,89,Y,CZ,4.58668267924
107,F,CZ,89,Y,OH,4.50094312339
107,F,CZ,89,Y,HD1,4.76908408397
107,F,CZ,89,Y,HE1,3.35112593019
107,F,CZ,89,Y,HH,5.17336080319
107,F,CZ,112,K,NZ,5.08991090295
107,F,CZ,112,K,HZ1,4.91994654443
107,F,CZ,112,K,HZ2,4.93844520067
107,F,CZ,112,K,HZ3,4.58834098559
107,F,CZ,113,E,CD,4.96888096054
107,F,CZ,113,E,OE1,4.75743933225
107,F,CZ,113,E,OE2,4.45788391504
107,F,HA,113,E,OE1,5.24931338367
107,F,HD1,89,Y,CD1,5.36329758637
107,F,HD1,89,Y,CE1,5.36996629412
107,F,HD1,89,Y,HD1,4.67536672358
107,F,HD1,89,Y,HE1,4.6976751697
107,F,HD1,113,E,CG,5.840654501
107,F,HD1,113,E,CD,4.5155689564
107,F,HD1,113,E,OE1,3.50880691974
107,F,HD1,113,E,OE2,4.77979874053
107,F,HD1,113,E,HB2,5.68054407605
107,F,HD1,113,E,HB3,5.76056429528
107,F,HE1,89,Y,CB,5.65544136209
107,F,HE1,89,Y,CG,4.77101561515
107,F,HE1,89,Y,CD1,3.44915293949
107,F,HE1,89,Y,CD2,5.56160480437
107,F,HE1,89,Y,CE1,3.05707392779
107,F,HE1,89,Y,CE2,5.33033910741
107,F,HE1,89,Y,CZ,4.19289470414
107,F,HE1,89,Y,OH,4.54386058325
107,F,HE1,89,Y,HB2,5.20799731183
107,F,HE1,89,Y,HD1,3.10342021003
107,F,HE1,89,Y,HE1,2.27569439952
107,F,HE1,89,Y,HH,5.42903103693
107,F,HE1,112,K,NZ,4.63515317978
107,F,HE1,112,K,HG3,5.9510491512
107,F,HE1,112,K,HD2,5.89021909609
107,F,HE1,112,K,HZ1,4.73706216974
107,F,HE1,112,K,HZ2,4.07844124636
107,F,HE1,112,K,HZ3,4.33259148778
107,F,HE1,113,E,CB,4.94293212577
107,F,HE1,113,E,CG,4.38034998602
107,F,HE1,113,E,CD,3.06082374533
107,F,HE1,113,E,OE1,2.68688425504
107,F,HE1,113,E,OE2,2.96858501647
107,F,HE1,113,E,HB2,5.02678724435
107,F,HE1,113,E,HB3,4.5718573906
107,F,HE1,113,E,HG2,4.57207611485
107,F,HE1,113,E,HG3,5.1876423354
107,F,HE1,137,Y,HB2,5.70423737234
107,F,HE2,89,Y,CE1,5.80821564682
107,F,HE2,89,Y,OH,5.65448786364
107,F,HE2,89,Y,HE1,5.28272704197
107,F,HE2,112,K,HZ3,5.93289752145
107,F,HZ,89,Y,CG,5.43753445966
107,F,HZ,89,Y,CD1,4.40509806928
107,F,HZ,89,Y,CD2,5.64006462729
107,F,HZ,89,Y,CE1,3.41912649664
107,F,HZ,89,Y,CE2,4.91558765561
107,F,HZ,89,Y,CZ,3.75022812639
107,F,HZ,89,Y,OH,3.49102907464
107,F,HZ,89,Y,HD1,4.64644014273
107,F,HZ,89,Y,HE1,2.82637506358
107,F,HZ,89,Y,HE2,5.49857490628
107,F,HZ,89,Y,HH,4.12957733915
107,F,HZ,112,K,CE,5.71192585736
107,F,HZ,112,K,NZ,4.31892093005
107,F,HZ,112,K,HD2,5.65793442875
107,F,HZ,112,K,HE2,5.95066786168
107,F,HZ,112,K,HZ1,4.20696125487
107,F,HZ,112,K,HZ2,4.32218486416
107,F,HZ,112,K,HZ3,3.69858026816
107,F,HZ,113,E,CD,4.89579115159
107,F,HZ,113,E,OE1,4.95297991112
107,F,HZ,113,E,OE2,4.22113254945
107,F,HZ,113,E,HG2,5.93524363443
109,
109,Q,N,115,Q,HE22,5.50749906945
109,Q,CA,115,Q,NE2,5.57383099851
109,Q,CA,115,Q,HE22,4.5974918162
109,Q,CA,117,W,CH2,5.59145115332
109,Q,CA,117,W,HH2,4.53411898829
109,Q,C,115,Q,CD,5.39599360637
109,Q,C,115,Q,OE1,4.90745809967
109,Q,C,115,Q,NE2,4.8878104505
109,Q,C,115,Q,HE21,5.6383729036
109,Q,C,115,Q,HE22,3.94308052162
109,Q,C,117,W,CZ2,5.48224087395
109,Q,C,117,W,CH2,5.05338272843
109,Q,C,117,W,HZ2,4.96138942233
109,Q,C,117,W,HH2,4.06417027202
109,Q,C,137,Y,OH,5.60500579839
109,Q,C,137,Y,HH,5.18222452235
109,Q,O,115,Q,CD,5.48586091694
109,Q,O,115,Q,OE1,4.82592726841
109,Q,O,115,Q,NE2,5.15219273708
109,Q,O,115,Q,HE21,5.98520525964
109,Q,O,115,Q,HE22,4.22831514909
109,Q,O,117,W,CZ2,4.8793431935
109,Q,O,117,W,CZ3,5.81604298471
109,Q,O,117,W,CH2,4.62495578357
109,Q,O,117,W,HZ2,4.31205310728
109,Q,O,117,W,HH2,3.77165335099
109,Q,O,137,Y,OH,5.4730036543
109,Q,O,137,Y,HH,5.05043503077
109,Q,O,139,N,ND2,5.78503941214
109,Q,O,139,N,HD21,5.60225427841
109,Q,O,139,N,HD22,5.6250072
109,Q,O,187,R,HH12,5.57029020788
109,Q,CB,91,T,HG21,5.64951050977
109,Q,CB,115,Q,CD,5.91331345356
109,Q,CB,115,Q,OE1,5.92993946006
109,Q,CB,115,Q,NE2,4.9039102765
109,Q,CB,115,Q,HE21,5.25133830561
109,Q,CB,115,Q,HE22,3.96552077286
109,Q,CB,117,W,CZ2,5.91589604371
109,Q,CB,117,W,CZ3,5.57273487616
109,Q,CB,117,W,CH2,4.92049733259
109,Q,CB,117,W,HZ2,5.84118600971
109,Q,CB,117,W,HZ3,5.19071228253
109,Q,CB,117,W,HH2,3.86053713879
109,Q,CG,115,Q,HE22,5.27235611468
109,Q,CG,117,W,CH2,5.77162801989
109,Q,CG,117,W,HZ3,5.52110948995
109,Q,CG,117,W,HH2,4.80268039744
109,Q,CD,49,N,HD21,5.74676996234
109,Q,CD,91,T,HG21,5.29963810085
109,Q,CD,115,Q,HE22,5.40331176224
109,Q,CD,117,W,CZ3,5.91816280614
109,Q,CD,117,W,CH2,5.86126087118
109,Q,CD,117,W,HZ3,5.12115114012
109,Q,CD,117,W,HH2,5.01099570944
109,Q,OE1,49,N,ND2,5.54664186693
109,Q,OE1,49,N,HB2,5.91806345015
109,Q,OE1,49,N,HD21,4.62117485062
109,Q,OE1,49,N,HD22,5.85634732577
109,Q,OE1,69,A,HB1,5.48569804127
109,Q,OE1,91,T,CG2,5.855847761
109,Q,OE1,91,T,HG21,4.7766909048
109,Q,OE1,115,Q,HE22,5.57663464824
109,Q,OE1,117,W,CZ3,5.25285017871
109,Q,OE1,117,W,CH2,5.46251983978
109,Q,OE1,117,W,HZ3,4.3374325355
109,Q,OE1,117,W,HH2,4.77995083657
109,Q,NE2,47,I,HD13,5.72071332965
109,Q,NE2,69,A,HB1,5.68467149447
109,Q,NE2,69,A,HB3,5.68647949086
109,Q,NE2,91,T,HG1,5.81318036878
109,Q,NE2,91,T,HG21,5.57688811077
109,Q,NE2,115,Q,HE22,5.79519292172
109,Q,NE2,117,W,HH2,5.89626670021
109,Q,HA,115,Q,HE22,5.36596831895
109,Q,HA,117,W,CH2,5.81833214934
109,Q,HA,117,W,HH2,4.82303182656
109,Q,HB2,91,T,OG1,5.87725862967
109,Q,HB2,91,T,CG2,5.90330382074
109,Q,HB2,91,T,HG1,5.80938499327
109,Q,HB2,91,T,HG21,4.93162944674
109,Q,HB2,91,T,HG22,5.94926835838
109,Q,HB2,115,Q,CD,5.27206012864
109,Q,HB2,115,Q,OE1,5.2903931801
109,Q,HB2,115,Q,NE2,4.29200442684
109,Q,HB2,115,Q,HE21,4.67618455581
109,Q,HB2,115,Q,HE22,3.34080903375
109,Q,HB2,117,W,CE3,5.90665142022
109,Q,HB2,117,W,CZ2,4.88634894374
109,Q,HB2,117,W,CZ3,4.50556211809
109,Q,HB2,117,W,CH2,3.84756312489
109,Q,HB2,117,W,HZ2,4.89965692677
109,Q,HB2,117,W,HZ3,4.18459364813
109,Q,HB2,117,W,HH2,2.80074722172
109,Q,HB3,91,T,OG1,5.706420682
109,Q,HB3,91,T,HG1,5.38162670575
109,Q,HB3,91,T,HG21,5.38291231584
109,Q,HB3,115,Q,CD,5.56600359324
109,Q,HB3,115,Q,OE1,5.72820233581
109,Q,HB3,115,Q,NE2,4.48299185812
109,Q,HB3,115,Q,HE21,4.72621307179
109,Q,HB3,115,Q,HE22,3.64001140108
109,Q,HB3,117,W,CZ3,5.88492022036
109,Q,HB3,117,W,CH2,5.23356379535
109,Q,HB3,117,W,HZ3,5.49962453264
109,Q,HB3,117,W,HH2,4.18355195976
109,Q,HG2,117,W,HH2,5.80307556387
109,Q,HG3,115,Q,HE22,5.73453005921
109,Q,HG3,117,W,CZ3,5.97446081249
109,Q,HG3,117,W,CH2,5.67670309246
109,Q,HG3,117,W,HZ3,5.38073693838
109,Q,HG3,117,W,HH2,4.78420515864
109,Q,HE21,115,Q,HE22,5.99969715902
109,Q,HE22,47,I,CD1,5.57497031382
109,Q,HE22,47,I,HG22,5.95887019493
109,Q,HE22,47,I,HD11,5.38329768822
109,Q,HE22,47,I,HD13,4.7346414859
109,Q,HE22,49,N,HD21,5.73658199628
109,Q,HE22,69,A,CB,5.27083076943
109,Q,HE22,69,A,HB1,4.89177380916
109,Q,HE22,69,A,HB2,5.23119699495
109,Q,HE22,69,A,HB3,4.91715181787
109,Q,HE22,91,T,HG1,5.6078034024
109,Q,HE22,91,T,HG21,5.38663865504
110,
110,K,N,115,Q,CD,5.00469909185
110,K,CA,115,Q,CD,4.71613093542
110,K,CA,115,Q,OE1,3.95911618925
110,K,CA,115,Q,NE2,4.73464032425
110,K,CA,115,Q,HE21,5.62962174573
110,K,CA,115,Q,HE22,4.12380018915
110,K,CA,117,W,CZ2,5.89352297018
110,K,CA,117,W,CH2,5.96131168452
110,K,CA,117,W,HZ2,5.04686367955
110,K,CA,117,W,HH2,5.17970230805
110,K,CA,137,Y,CD1,5.83107700172
110,K,CA,137,Y,CE1,4.71893187067
110,K,CA,137,Y,CE2,4.98758067604
110,K,CA,137,Y,CZ,4.21570444884
110,K,CA,137,Y,OH,3.45342351877
110,K,CA,137,Y,HE1,4.55899879359
110,K,CA,137,Y,HE2,5.04518622055
110,K,CA,137,Y,HH,3.30852399115
110,K,CA,139,N,ND2,5.21764084621
110,K,CA,139,N,HB3,5.73824162963
110,K,CA,139,N,HD21,4.5737417942
110,K,CA,139,N,HD22,5.46776032759
110,K,CA,187,R,CZ,5.99919094545
110,K,CA,187,R,NH1,5.17828475463
110,K,CA,187,R,NH2,5.69819348566
110,K,CA,187,R,HH11,5.67860643116
110,K,CA,187,R,HH12,4.17141103225
110,K,CA,187,R,HH22,4.79138069871
110,K,C,115,Q,OE1,5.08886883305
110,K,C,115,Q,HE22,5.54347499318
110,K,C,117,W,HZ2,5.79576966416
110,K,C,137,Y,CE1,4.86582130786
110,K,C,137,Y,CE2,5.73751113289
110,K,C,137,Y,CZ,4.66198616472
110,K,C,137,Y,OH,3.80917011959
110,K,C,137,Y,HE1,4.36632213654
110,K,C,137,Y,HE2,5.95238800819
110,K,C,137,Y,HH,3.97757564353
110,K,C,139,N,ND2,5.32716387959
110,K,C,139,N,HD21,4.64800010757
110,K,C,139,N,HD22,5.39173997889
110,K,C,163,D,OD2,5.93364988856
110,K,C,187,R,CZ,4.90247478321
110,K,C,187,R,NH1,4.12897832399
110,K,C,187,R,NH2,4.63805411784
110,K,C,187,R,HH11,4.72887005531
110,K,C,187,R,HH12,3.1486805173
110,K,C,187,R,HH21,5.50564964378
110,K,C,187,R,HH22,3.76216613137
110,K,O,115,Q,OE1,5.22263630746
110,K,O,117,W,HZ2,5.97304897017
110,K,O,137,Y,CD1,5.48403574022
110,K,O,137,Y,CE1,4.19122428414
110,K,O,137,Y,CE2,5.37368495541
110,K,O,137,Y,CZ,4.12706808764
110,K,O,137,Y,OH,3.26437758233
110,K,O,137,Y,HD1,5.86782344656
110,K,O,137,Y,HE1,3.53574900127
110,K,O,137,Y,HE2,5.69869836015
110,K,O,137,Y,HH,3.68678776172
110,K,O,139,N,CG,5.92530724942
110,K,O,139,N,ND2,4.74422965296
110,K,O,139,N,HB3,5.60047908665
110,K,O,139,N,HD21,3.98094473712
110,K,O,139,N,HD22,4.81845576923
110,K,O,163,D,CG,5.974554293
110,K,O,163,D,OD2,4.95066147096
110,K,O,163,D,HB2,5.92199459642
110,K,O,163,D,HB3,5.46379584172
110,K,O,187,R,CD,5.8484244887
110,K,O,187,R,NE,4.98351050967
110,K,O,187,R,CZ,3.69136979995
110,K,O,187,R,NH1,2.93428798859
110,K,O,187,R,NH2,3.5016718864
110,K,O,187,R,HD3,5.56333479129
110,K,O,187,R,HE,5.61279894527
110,K,O,187,R,HH11,3.60548082785
110,K,O,187,R,HH12,1.9452909808
110,K,O,187,R,HH21,4.42572864057
110,K,O,187,R,HH22,2.69626816174
110,K,CB,113,E,OE1,5.95209954554
110,K,CB,115,Q,CG,5.78548373086
110,K,CB,115,Q,CD,4.71621309951
110,K,CB,115,Q,OE1,4.14878560545
110,K,CB,115,Q,NE2,4.80776184934
110,K,CB,115,Q,HG2,5.9433264255
110,K,CB,115,Q,HG3,5.70908267588
110,K,CB,115,Q,HE21,5.58784734938
110,K,CB,115,Q,HE22,4.43250775521
110,K,CB,117,W,HZ2,5.9395479626
110,K,CB,137,Y,CG,5.28486338518
110,K,CB,137,Y,CD1,4.74328219696
110,K,CB,137,Y,CD2,5.02233710537
110,K,CB,137,Y,CE1,3.88347486151
110,K,CB,137,Y,CE2,4.20784267767
110,K,CB,137,Y,CZ,3.57141666569
110,K,CB,137,Y,OH,3.32550462336
110,K,CB,137,Y,HD1,5.30547962017
110,K,CB,137,Y,HD2,5.7665869455
110,K,CB,137,Y,HE1,3.9059878392
110,K,CB,137,Y,HE2,4.4682252629
110,K,CB,137,Y,HH,3.31263429916
110,K,CB,139,N,ND2,5.81465501986
110,K,CB,139,N,HB3,5.67869492049
110,K,CB,139,N,HD21,5.02443479408
110,K,CB,187,R,NH1,5.66482426912
110,K,CB,187,R,NH2,5.68559196566
110,K,CB,187,R,HH12,4.68643073138
110,K,CB,187,R,HH22,4.73862532809
110,K,CG,91,T,OG1,5.85327651833
110,K,CG,91,T,HG1,5.87311169654
110,K,CG,113,E,OE1,5.24430738992
110,K,CG,113,E,HB2,5.60882884389
110,K,CG,115,Q,CB,5.9647071177
110,K,CG,115,Q,CG,4.5260036456
110,K,CG,115,Q,CD,3.58933238918
110,K,CG,115,Q,OE1,3.3581150963
110,K,CG,115,Q,NE2,3.62764207165
110,K,CG,115,Q,HG2,4.52850924698
110,K,CG,115,Q,HG3,4.55664240423
110,K,CG,115,Q,HE21,4.28935344778
110,K,CG,115,Q,HE22,3.47337069718
110,K,CG,117,W,HZ2,5.57639247184
110,K,CG,117,W,HH2,5.58137366604
110,K,CG,137,Y,CG,4.92664855657
110,K,CG,137,Y,CD1,4.80799948003
110,K,CG,137,Y,CD2,4.34961618996
110,K,CG,137,Y,CE1,4.16165808302
110,K,CG,137,Y,CE2,3.61107754001
110,K,CG,137,Y,CZ,3.5120939623
110,K,CG,137,Y,OH,3.48079847162
110,K,CG,137,Y,HB2,5.98132184387
110,K,CG,137,Y,HD1,5.55270555675
110,K,CG,137,Y,HD2,4.86356885425
110,K,CG,137,Y,HE1,4.55741922583
110,K,CG,137,Y,HE2,3.6455869212
110,K,CG,137,Y,HH,3.152114687
110,K,CG,139,N,CB,5.97023960993
110,K,CG,139,N,ND2,5.89353136922
110,K,CG,139,N,HB2,5.61342863142
110,K,CG,139,N,HB3,5.34652120542
110,K,CG,139,N,HD21,5.20135616931
110,K,CG,187,R,HH12,5.76158849624
110,K,CG,187,R,HH22,5.9613992485
110,K,CD,89,Y,HD1,5.32848946701
110,K,CD,91,T,HG1,5.95226032697
110,K,CD,113,E,CB,5.3180880963
110,K,CD,113,E,CG,5.7792694175
110,K,CD,113,E,CD,5.02301393588
110,K,CD,113,E,OE1,3.78572080323
110,K,CD,113,E,OE2,5.91794575845
110,K,CD,113,E,HB2,4.48874381091
110,K,CD,113,E,HB3,5.23178334796
110,K,CD,115,Q,CG,5.01506261177
110,K,CD,115,Q,CD,4.46166706512
110,K,CD,115,Q,OE1,4.49322612384
110,K,CD,115,Q,NE2,4.47661490414
110,K,CD,115,Q,HG2,4.71993707585
110,K,CD,115,Q,HG3,4.97693459873
110,K,CD,115,Q,HE21,4.88122371952
110,K,CD,115,Q,HE22,4.53361820183
110,K,CD,137,Y,CB,5.3488961478
110,K,CD,137,Y,CG,4.44442774719
110,K,CD,137,Y,CD1,4.55384903131
110,K,CD,137,Y,CD2,4.04274374652
110,K,CD,137,Y,CE1,4.3627929128
110,K,CD,137,Y,CE2,3.81210322526
110,K,CD,137,Y,CZ,3.99903463351
110,K,CD,137,Y,OH,4.43675128895
110,K,CD,137,Y,HB2,5.01715546899
110,K,CD,137,Y,HB3,5.63531942307
110,K,CD,137,Y,HD1,5.19137602183
110,K,CD,137,Y,HD2,4.41410579846
110,K,CD,137,Y,HE1,4.91308558851
110,K,CD,137,Y,HE2,4.03568457638
110,K,CD,137,Y,HH,4.25064006945
110,K,CE,89,Y,CD1,5.49224116368
110,K,CE,89,Y,HB2,5.05210144395
110,K,CE,89,Y,HD1,4.41943525804
110,K,CE,90,L,O,5.67986593152
110,K,CE,91,T,OG1,4.94016659638
110,K,CE,91,T,HG1,4.82781803717
110,K,CE,113,E,CA,5.58145787407
110,K,CE,113,E,C,5.44372859353
110,K,CE,113,E,O,5.62595156396
110,K,CE,113,E,CB,4.42080411238
110,K,CE,113,E,CG,5.2082637222
110,K,CE,113,E,CD,4.76640797666
110,K,CE,113,E,OE1,3.66522932434
110,K,CE,113,E,OE2,5.817517168
110,K,CE,113,E,HA,5.9865224463
110,K,CE,113,E,HB2,3.66600340971
110,K,CE,113,E,HB3,4.16264687429
110,K,CE,113,E,HG2,5.98450307043
110,K,CE,113,E,HG3,5.82197698381
110,K,CE,114,L,N,5.57800779849
110,K,CE,114,L,C,5.78062116039
110,K,CE,114,L,O,5.79986715365
110,K,CE,115,Q,N,5.98020008026
110,K,CE,115,Q,CB,5.70131291897
110,K,CE,115,Q,CG,4.24147108914
110,K,CE,115,Q,CD,4.04160376583
110,K,CE,115,Q,OE1,4.46814155998
110,K,CE,115,Q,NE2,3.99138985818
110,K,CE,115,Q,HB3,5.89592231971
110,K,CE,115,Q,HG2,3.66811750084
110,K,CE,115,Q,HG3,4.33389316896
110,K,CE,115,Q,HE21,4.11127243077
110,K,CE,115,Q,HE22,4.33443306558
110,K,CE,137,Y,CB,5.45916055818
110,K,CE,137,Y,CG,4.74640010956
110,K,CE,137,Y,CD1,5.26682266647
110,K,CE,137,Y,CD2,4.04046841344
110,K,CE,137,Y,CE1,5.23973071827
110,K,CE,137,Y,CE2,3.9942011717
110,K,CE,137,Y,CZ,4.64820201799
110,K,CE,137,Y,OH,5.15597769584
110,K,CE,137,Y,HB2,4.89253482359
110,K,CE,137,Y,HB3,5.94835111607
110,K,CE,137,Y,HD2,4.02591331253
110,K,CE,137,Y,HE1,5.98289779288
110,K,CE,137,Y,HE2,3.94780521303
110,K,CE,137,Y,HH,4.77748856618
110,K,NZ,89,Y,CA,5.51774211068
110,K,NZ,89,Y,C,5.92317305167
110,K,NZ,89,Y,CB,4.85090527634
110,K,NZ,89,Y,CG,4.94484266686
110,K,NZ,89,Y,CD1,4.02846385115
110,K,NZ,89,Y,CE1,4.8130277373
110,K,NZ,89,Y,HA,5.05626601357
110,K,NZ,89,Y,HB2,3.92281391351
110,K,NZ,89,Y,HB3,5.61180354253
110,K,NZ,89,Y,HD1,2.96139730533
110,K,NZ,89,Y,HE1,4.59325527268
110,K,NZ,90,L,N,5.70588073833
110,K,NZ,90,L,O,5.85669369184
110,K,NZ,91,T,OG1,5.59578341253
110,K,NZ,91,T,HG1,5.32073575739
110,K,NZ,113,E,N,5.885093882
110,K,NZ,113,E,CA,4.93757369565
110,K,NZ,113,E,C,5.03775991885
110,K,NZ,113,E,O,5.11232481362
110,K,NZ,113,E,CB,3.60772795538
110,K,NZ,113,E,CG,4.24933277115
110,K,NZ,113,E,CD,3.74608555695
110,K,NZ,113,E,OE1,2.77830343915
110,K,NZ,113,E,OE2,4.73258597386
110,K,NZ,113,E,HA,5.51172069321
110,K,NZ,113,E,HB2,3.16187080697
110,K,NZ,113,E,HB3,3.13122995004
110,K,NZ,113,E,HG2,4.86421391388
110,K,NZ,113,E,HG3,5.05361870346
110,K,NZ,114,L,N,5.51777500447
110,K,NZ,115,Q,CG,5.38491420544
110,K,NZ,115,Q,CD,5.4031362189
110,K,NZ,115,Q,OE1,5.91569006964
110,K,NZ,115,Q,NE2,5.28194443363
110,K,NZ,115,Q,HG2,4.62735151031
110,K,NZ,115,Q,HG3,5.45462262673
110,K,NZ,115,Q,HE21,5.21330557324
110,K,NZ,115,Q,HE22,5.65933794715
110,K,NZ,137,Y,CB,5.49476259724
110,K,NZ,137,Y,CG,5.17536510789
110,K,NZ,137,Y,CD1,5.83969322824
110,K,NZ,137,Y,CD2,4.69717585364
110,K,NZ,137,Y,CE2,5.03058575118
110,K,NZ,137,Y,CZ,5.75456914113
110,K,NZ,137,Y,HB2,4.71692071165
110,K,NZ,137,Y,HB3,5.88001522107
110,K,NZ,137,Y,HD2,4.51143502668
110,K,NZ,137,Y,HE2,5.10917547164
110,K,HA,115,Q,CG,5.25778936436
110,K,HA,115,Q,CD,3.92453959083
110,K,HA,115,Q,OE1,3.02810055976
110,K,HA,115,Q,NE2,4.11147406656
110,K,HA,115,Q,HG2,5.75428918286
110,K,HA,115,Q,HG3,5.27875724011
110,K,HA,115,Q,HE21,5.08107006446
110,K,HA,115,Q,HE22,3.55995730311
110,K,HA,117,W,CZ2,4.92500121827
110,K,HA,117,W,CH2,5.14881394109
110,K,HA,117,W,HZ2,4.02693245536
110,K,HA,117,W,HH2,4.49026368936
110,K,HA,137,Y,CD1,5.78807696908
110,K,HA,137,Y,CD2,5.72774868513
110,K,HA,137,Y,CE1,4.59067380675
110,K,HA,137,Y,CE2,4.50914814571
110,K,HA,137,Y,CZ,3.81267412717
110,K,HA,137,Y,OH,2.83507283857
110,K,HA,137,Y,HE1,4.54268004596
110,K,HA,137,Y,HE2,4.40001818178
110,K,HA,137,Y,HH,2.49374317042
110,K,HA,139,N,CB,5.34810555244
110,K,HA,139,N,CG,5.08404455134
110,K,HA,139,N,OD1,5.95558427025
110,K,HA,139,N,ND2,4.23825058249
110,K,HA,139,N,HB2,5.25254728679
110,K,HA,139,N,HB3,4.86844379653
110,K,HA,139,N,HD21,3.67934043002
110,K,HA,139,N,HD22,4.51953216605
110,K,HA,163,D,OD2,5.96927349013
110,K,HA,187,R,CZ,5.92582854966
110,K,HA,187,R,NH1,4.96504269871
110,K,HA,187,R,NH2,5.81641891545
110,K,HA,187,R,HH11,5.29620722782
110,K,HA,187,R,HH12,4.00612306351
110,K,HA,187,R,HH22,5.00660453801
110,K,HB2,113,E,OE1,5.76994601361
110,K,HB2,115,Q,CD,5.09273698516
110,K,HB2,115,Q,OE1,4.39878074016
110,K,HB2,115,Q,NE2,5.43205651664
110,K,HB2,115,Q,HG3,5.72628195254
110,K,HB2,115,Q,HE22,5.17765979956
110,K,HB2,137,Y,CB,5.83576773013
110,K,HB2,137,Y,CG,4.52634609812
110,K,HB2,137,Y,CD1,3.80192872106
110,K,HB2,137,Y,CD2,4.45225965101
110,K,HB2,137,Y,CE1,2.88590973525
110,K,HB2,137,Y,CE2,3.68721819262
110,K,HB2,137,Y,CZ,2.82208593065
110,K,HB2,137,Y,OH,2.75740403278
110,K,HB2,137,Y,HB3,5.94581079416
110,K,HB2,137,Y,HD1,4.32012569262
110,K,HB2,137,Y,HD2,5.32908425529
110,K,HB2,137,Y,HE1,2.8320135946
110,K,HB2,137,Y,HE2,4.16696640255
110,K,HB2,137,Y,HH,3.04552951061
110,K,HB2,139,N,ND2,5.52179762396
110,K,HB2,139,N,HB3,5.21443707412
110,K,HB2,139,N,HD21,4.623347813
110,K,HB2,187,R,CZ,5.41014870406
110,K,HB2,187,R,NH1,4.96898420203
110,K,HB2,187,R,NH2,4.77954830502
110,K,HB2,187,R,HH11,5.65463721206
110,K,HB2,187,R,HH12,4.05033393685
110,K,HB2,187,R,HH21,5.43426388759
110,K,HB2,187,R,HH22,3.86224675545
110,K,HB3,113,E,OE1,5.84467800653
110,K,HB3,115,Q,CD,5.59481885319
110,K,HB3,115,Q,OE1,5.14242394207
110,K,HB3,115,Q,NE2,5.51858043341
110,K,HB3,115,Q,HE22,5.09224596814
110,K,HB3,137,Y,CG,5.803160949
110,K,HB3,137,Y,CD1,5.22582452824
110,K,HB3,137,Y,CD2,5.7031061712
110,K,HB3,137,Y,CE1,4.54245605372
110,K,HB3,137,Y,CE2,5.07142918712
110,K,HB3,137,Y,CZ,4.46409778119
110,K,HB3,137,Y,OH,4.34878937177
110,K,HB3,137,Y,HD1,5.62500862222
110,K,HB3,137,Y,HE1,4.48540756231
110,K,HB3,137,Y,HE2,5.40443678842
110,K,HB3,137,Y,HH,4.39177754446
110,K,HB3,187,R,HH12,5.33556604307
110,K,HB3,187,R,HH22,5.07908633516
110,K,HG2,91,T,OG1,5.1575387541
110,K,HG2,91,T,HG1,5.11114791412
110,K,HG2,113,E,OE1,5.88639448219
110,K,HG2,115,Q,CB,5.79285931126
110,K,HG2,115,Q,CG,4.45724724466
110,K,HG2,115,Q,CD,3.35237870772
110,K,HG2,115,Q,OE1,3.32642285346
110,K,HG2,115,Q,NE2,3.01221164595
110,K,HG2,115,Q,HB2,5.99841595757
110,K,HG2,115,Q,HB3,5.97746049757
110,K,HG2,115,Q,HG2,4.40841422736
110,K,HG2,115,Q,HG3,4.74091615619
110,K,HG2,115,Q,HE21,3.61688609165
110,K,HG2,115,Q,HE22,2.69750996291
110,K,HG2,117,W,CZ2,5.82780687738
110,K,HG2,117,W,CH2,5.61243734932
110,K,HG2,117,W,HZ2,5.27461932276
110,K,HG2,117,W,HH2,4.83814881954
110,K,HG2,137,Y,CG,5.92652022691
110,K,HG2,137,Y,CD1,5.88236372558
110,K,HG2,137,Y,CD2,5.22842241981
110,K,HG2,137,Y,CE1,5.20884920112
110,K,HG2,137,Y,CE2,4.44873566308
110,K,HG2,137,Y,CZ,4.44767669688
110,K,HG2,137,Y,OH,4.22693151116
110,K,HG2,137,Y,HD2,5.61251939863
110,K,HG2,137,Y,HE1,5.57542949018
110,K,HG2,137,Y,HE2,4.26901393767
110,K,HG2,137,Y,HH,3.71484198856
110,K,HG2,139,N,HB2,5.90675452342
110,K,HG2,139,N,HB3,5.91895404611
110,K,HG2,139,N,HD21,5.68082617231
110,K,HG3,91,T,OG1,5.66033188073
110,K,HG3,91,T,HG1,5.85348374902
110,K,HG3,113,E,OE1,5.4755281937
110,K,HG3,113,E,HB2,5.36524575392
110,K,HG3,114,L,O,5.70478851492
110,K,HG3,115,Q,CB,5.12707499458
110,K,HG3,115,Q,CG,3.69091614643
110,K,HG3,115,Q,CD,2.84089598542
110,K,HG3,115,Q,OE1,2.49184389559
110,K,HG3,115,Q,NE2,3.23719230198
110,K,HG3,115,Q,HB2,5.29931174776
110,K,HG3,115,Q,HB3,5.61408184835
110,K,HG3,115,Q,HG2,3.85751953981
110,K,HG3,115,Q,HG3,3.59313247738
110,K,HG3,115,Q,HE21,3.98283291138
110,K,HG3,115,Q,HE22,3.27155819144
110,K,HG3,117,W,CZ2,5.66754144228
110,K,HG3,117,W,CH2,5.87045143068
110,K,HG3,117,W,HZ2,4.93953985711
110,K,HG3,117,W,HH2,5.3409344688
110,K,HG3,137,Y,CB,5.7466317961
110,K,HG3,137,Y,CG,4.44587955302
110,K,HG3,137,Y,CD1,4.43070355587
110,K,HG3,137,Y,CD2,3.66175886699
110,K,HG3,137,Y,CE1,3.70185804698
110,K,HG3,137,Y,CE2,2.72514293203
110,K,HG3,137,Y,CZ,2.76338506184
110,K,HG3,137,Y,OH,2.70906422958
110,K,HG3,137,Y,HB2,5.67163415604
110,K,HG3,137,Y,HD1,5.31607919429
110,K,HG3,137,Y,HD2,4.17151063765
110,K,HG3,137,Y,HE1,4.23168488902
110,K,HG3,137,Y,HE2,2.61946807577
110,K,HG3,137,Y,HH,2.24797553367
110,K,HG3,139,N,CB,4.90890761779
110,K,HG3,139,N,CG,5.38299674902
110,K,HG3,139,N,ND2,5.03191464554
110,K,HG3,139,N,HB2,4.54501639161
110,K,HG3,139,N,HB3,4.30705560679
110,K,HG3,139,N,HD21,4.36861728697
110,K,HG3,139,N,HD22,5.73193911342
110,K,HG3,187,R,HH12,5.46992879296
110,K,HG3,187,R,HH22,5.87980016667
110,K,HD2,89,Y,HD1,5.43014327619
110,K,HD2,113,E,CB,4.9562511034
110,K,HD2,113,E,CG,5.23269137252
110,K,HD2,113,E,CD,4.43854131444
110,K,HD2,113,E,OE1,3.22655946792
110,K,HD2,113,E,OE2,5.31188158754
110,K,HD2,113,E,HB2,4.08198444387
110,K,HD2,113,E,HB3,5.0743181808
110,K,HD2,113,E,HG3,5.57049441253
110,K,HD2,115,Q,CG,5.405452155
110,K,HD2,115,Q,CD,5.00768499409
110,K,HD2,115,Q,OE1,4.89785881789
110,K,HD2,115,Q,NE2,5.25804421815
110,K,HD2,115,Q,HG2,5.17101556757
110,K,HD2,115,Q,HG3,5.14840383031
110,K,HD2,115,Q,HE21,5.7107968796
110,K,HD2,115,Q,HE22,5.37700901989
110,K,HD2,137,Y,CA,5.83106619753
110,K,HD2,137,Y,CB,4.38362703706
110,K,HD2,137,Y,CG,3.5066465462
110,K,HD2,137,Y,CD1,3.56707625374
110,K,HD2,137,Y,CD2,3.36548198628
110,K,HD2,137,Y,CE1,3.57406183494
110,K,HD2,137,Y,CE2,3.35578947492
110,K,HD2,137,Y,CZ,3.47882422666
110,K,HD2,137,Y,OH,4.19134274428
110,K,HD2,137,Y,HB2,4.14937163918
110,K,HD2,137,Y,HB3,4.59333963473
110,K,HD2,137,Y,HD1,4.1438355421
110,K,HD2,137,Y,HD2,3.87043020865
110,K,HD2,137,Y,HE1,4.17546093264
110,K,HD2,137,Y,HE2,3.85187772392
110,K,HD2,137,Y,HH,4.22211143861
110,K,HD2,139,N,HB3,5.87936212526
110,K,HD2,161,E,OE2,5.54829216967
110,K,HD3,89,Y,HD1,5.21629159461
110,K,HD3,113,E,CB,5.81040678438
110,K,HD3,113,E,CD,5.15369255971
110,K,HD3,113,E,OE1,3.91280232059
110,K,HD3,113,E,OE2,5.88364444881
110,K,HD3,113,E,HB2,5.11723450704
110,K,HD3,113,E,HB3,5.59984651575
110,K,HD3,115,Q,CG,5.93471439919
110,K,HD3,115,Q,CD,5.28769032754
110,K,HD3,115,Q,OE1,5.34717074723
110,K,HD3,115,Q,NE2,5.08778822279
110,K,HD3,115,Q,HG2,5.57373429578
110,K,HD3,115,Q,HG3,5.99246743838
110,K,HD3,115,Q,HE21,5.42650799318
110,K,HD3,115,Q,HE22,5.01004930115
110,K,HD3,137,Y,CG,5.28201722829
110,K,HD3,137,Y,CD1,5.28685170967
110,K,HD3,137,Y,CD2,5.03916927678
110,K,HD3,137,Y,CE1,5.13471557148
110,K,HD3,137,Y,CE2,4.86548548451
110,K,HD3,137,Y,CZ,4.93013082991
110,K,HD3,137,Y,OH,5.29736368395
110,K,HD3,137,Y,HB2,5.68792343479
110,K,HD3,137,Y,HD1,5.77283855655
110,K,HD3,137,Y,HD2,5.40434084787
110,K,HD3,137,Y,HE1,5.54833290277
110,K,HD3,137,Y,HE2,5.11529803628
110,K,HD3,137,Y,HH,5.14480563287
110,K,HE2,89,Y,CD1,5.89573218523
110,K,HE2,89,Y,HB2,5.0035301538
110,K,HE2,89,Y,HD1,4.85217198788
110,K,HE2,90,L,C,5.78667763056
110,K,HE2,90,L,O,5.36364428351
110,K,HE2,91,T,CB,5.4352586875
110,K,HE2,91,T,OG1,4.02573235573
110,K,HE2,91,T,HA,5.85895835452
110,K,HE2,91,T,HB,5.87170460769
110,K,HE2,91,T,HG1,3.84849139274
110,K,HE2,91,T,HG21,5.90143346993
110,K,HE2,113,E,C,5.93092050191
110,K,HE2,113,E,O,5.92921158334
110,K,HE2,113,E,CB,5.22129677379
110,K,HE2,113,E,CD,5.73282234157
110,K,HE2,113,E,OE1,4.66179933073
110,K,HE2,113,E,HB2,4.53616203414
110,K,HE2,113,E,HB3,4.81756100117
110,K,HE2,114,L,C,5.95167388219
110,K,HE2,115,Q,N,5.90674394231
110,K,HE2,115,Q,CB,5.337085909
110,K,HE2,115,Q,CG,3.97834639015
110,K,HE2,115,Q,CD,3.6197676721
110,K,HE2,115,Q,OE1,4.22523135461
110,K,HE2,115,Q,NE2,3.25344033294
110,K,HE2,115,Q,HB2,5.9510230213
110,K,HE2,115,Q,HB3,5.36183000477
110,K,HE2,115,Q,HG2,3.36477948757
110,K,HE2,115,Q,HG3,4.3398167012
110,K,HE2,115,Q,HE21,3.2507153059
110,K,HE2,115,Q,HE22,3.56418868749
110,K,HE2,137,Y,CG,5.71534574632
110,K,HE2,137,Y,CD2,4.87892160216
110,K,HE2,137,Y,CE1,5.99463251584
110,K,HE2,137,Y,CE2,4.61962401067
110,K,HE2,137,Y,CZ,5.24277645909
110,K,HE2,137,Y,OH,5.5105387214
110,K,HE2,137,Y,HB2,5.93585933122
110,K,HE2,137,Y,HD2,4.82287082556
110,K,HE2,137,Y,HE2,4.35608918641
110,K,HE2,137,Y,HH,4.9722821722
110,K,HE3,89,Y,CD1,5.89168125411
110,K,HE3,89,Y,HB2,5.40205812631
110,K,HE3,89,Y,HD1,4.81824335209
110,K,HE3,90,L,C,5.88121297013
110,K,HE3,90,L,O,5.14528036165
110,K,HE3,91,T,OG1,4.90012785547
110,K,HE3,91,T,HG1,4.9873923046
110,K,HE3,113,E,CA,5.00233995246
110,K,HE3,113,E,C,4.74675973692
110,K,HE3,113,E,O,5.06938319719
110,K,HE3,113,E,CB,4.04006856377
110,K,HE3,113,E,CG,4.99924414287
110,K,HE3,113,E,CD,4.82557955069
110,K,HE3,113,E,OE1,3.83646751583
110,K,HE3,113,E,OE2,5.98502573094
110,K,HE3,113,E,HA,5.29626264454
110,K,HE3,113,E,HB2,3.14352954495
110,K,HE3,113,E,HB3,3.97045236717
110,K,HE3,113,E,HG2,5.85190122952
110,K,HE3,113,E,HG3,5.47715592256
110,K,HE3,114,L,N,4.68712214477
110,K,HE3,114,L,CA,5.23262391158
110,K,HE3,114,L,C,4.76992997852
110,K,HE3,114,L,O,4.72114710637
110,K,HE3,114,L,HA,5.37338124462
110,K,HE3,115,Q,N,5.0648050308
110,K,HE3,115,Q,CA,5.58492202273
110,K,HE3,115,Q,CB,4.96467279889
110,K,HE3,115,Q,CG,3.48930910067
110,K,HE3,115,Q,CD,3.57303792311
110,K,HE3,115,Q,OE1,4.00371502482
110,K,HE3,115,Q,NE2,3.84428146732
110,K,HE3,115,Q,HA,5.78958875914
110,K,HE3,115,Q,HB2,5.62121917381
110,K,HE3,115,Q,HB3,5.29673682563
110,K,HE3,115,Q,HG2,2.96116919476
110,K,HE3,115,Q,HG3,3.4115112487
110,K,HE3,115,Q,HE21,4.00007274934
110,K,HE3,115,Q,HE22,4.36933621961
110,K,HE3,137,Y,CA,5.97926834989
110,K,HE3,137,Y,C,5.76274882326
110,K,HE3,137,Y,O,5.46839409699
110,K,HE3,137,Y,CB,4.87156083817
110,K,HE3,137,Y,CG,4.11173698089
110,K,HE3,137,Y,CD1,4.80785523909
110,K,HE3,137,Y,CD2,3.18948114903
110,K,HE3,137,Y,CE1,4.81028866078
110,K,HE3,137,Y,CE2,3.18326844611
110,K,HE3,137,Y,CZ,4.08330295227
110,K,HE3,137,Y,OH,4.690898528
110,K,HE3,137,Y,HB2,4.34143110046
110,K,HE3,137,Y,HB3,5.5230953278
110,K,HE3,137,Y,HD1,5.66327184585
110,K,HE3,137,Y,HD2,3.05674483724
110,K,HE3,137,Y,HE1,5.67572524
110,K,HE3,137,Y,HE2,3.05086528709
110,K,HE3,137,Y,HH,4.2944480437
110,K,HE3,139,N,CB,5.95801426652
110,K,HE3,139,N,HB2,5.35725097415
110,K,HE3,139,N,HB3,5.44366218643
110,K,HZ1,89,Y,N,5.95449435301
110,K,HZ1,89,Y,CA,4.58689971549
110,K,HZ1,89,Y,C,4.94365613691
110,K,HZ1,89,Y,O,5.82979476483
110,K,HZ1,89,Y,CB,4.05680181917
110,K,HZ1,89,Y,CG,4.34049559382
110,K,HZ1,89,Y,CD1,3.62586624133
110,K,HZ1,89,Y,CD2,5.73490906641
110,K,HZ1,89,Y,CE1,4.63518920865
110,K,HZ1,89,Y,CZ,5.95773564368
110,K,HZ1,89,Y,HA,4.11989914925
110,K,HZ1,89,Y,HB2,3.12576294687
110,K,HZ1,89,Y,HB3,4.86276423447
110,K,HZ1,89,Y,HD1,2.56565176904
110,K,HZ1,89,Y,HE1,4.62338804342
110,K,HZ1,90,L,N,4.70953543356
110,K,HZ1,90,L,CA,5.70264719231
110,K,HZ1,90,L,C,5.42193710771
110,K,HZ1,90,L,O,5.06445673296
110,K,HZ1,91,T,OG1,5.20905240903
110,K,HZ1,91,T,HG1,4.94034836828
110,K,HZ1,113,E,N,5.27668011159
110,K,HZ1,113,E,CA,4.39704457562
110,K,HZ1,113,E,C,4.33752625352
110,K,HZ1,113,E,O,4.24770502742
110,K,HZ1,113,E,CB,3.22517565413
110,K,HZ1,113,E,CG,4.12262319404
110,K,HZ1,113,E,CD,3.94683746815
110,K,HZ1,113,E,OE1,3.22971964728
110,K,HZ1,113,E,OE2,4.98129390821
110,K,HZ1,113,E,HA,5.11000332681
110,K,HZ1,113,E,HB2,2.95224186001
110,K,HZ1,113,E,HB3,2.54938933865
110,K,HZ1,113,E,HG2,4.61432833682
110,K,HZ1,113,E,HG3,4.99398728473
110,K,HZ1,114,L,N,4.93741248024
110,K,HZ1,114,L,CA,5.69632662336
110,K,HZ1,114,L,C,5.83075929875
110,K,HZ1,114,L,HA,5.51472338382
110,K,HZ1,115,Q,CG,5.26241788535
110,K,HZ1,115,Q,CD,5.51293660403
110,K,HZ1,115,Q,NE2,5.38128553415
110,K,HZ1,115,Q,HG2,4.3679717261
110,K,HZ1,115,Q,HG3,5.39025889916
110,K,HZ1,115,Q,HE21,5.14331099585
110,K,HZ1,115,Q,HE22,5.8925540303
110,K,HZ1,137,Y,CB,5.80700843809
110,K,HZ1,137,Y,CG,5.60946655218
110,K,HZ1,137,Y,CD2,5.00044378031
110,K,HZ1,137,Y,CE2,5.41222264878
110,K,HZ1,137,Y,HB2,4.92859351134
110,K,HZ1,137,Y,HD2,4.59868687779
110,K,HZ1,137,Y,HE2,5.3630656345
110,K,HZ2,89,Y,CA,5.80054247463
110,K,HZ2,89,Y,CB,5.17359111256
110,K,HZ2,89,Y,CG,5.00199300279
110,K,HZ2,89,Y,CD1,3.88778265853
110,K,HZ2,89,Y,CE1,4.43297744186
110,K,HZ2,89,Y,CZ,5.8327177199
110,K,HZ2,89,Y,HA,5.21799817938
110,K,HZ2,89,Y,HB2,4.3833053738
110,K,HZ2,89,Y,HD1,2.86813057583
110,K,HZ2,89,Y,HE1,4.03956668468
110,K,HZ2,112,K,HZ2,5.45375769539
110,K,HZ2,113,E,N,5.45916046659
110,K,HZ2,113,E,CA,4.52937755105
110,K,HZ2,113,E,C,4.92185960791
110,K,HZ2,113,E,O,5.18518601402
110,K,HZ2,113,E,CB,3.06985471969
110,K,HZ2,113,E,CG,3.43671732908
110,K,HZ2,113,E,CD,2.78663237618
110,K,HZ2,113,E,OE1,1.76219096581
110,K,HZ2,113,E,OE2,3.79479472436
110,K,HZ2,113,E,HA,5.00053617125
110,K,HZ2,113,E,HB2,2.63162801323
110,K,HZ2,113,E,HB3,2.80473207277
110,K,HZ2,113,E,HG2,4.13420197862
110,K,HZ2,113,E,HG3,4.19309634995
110,K,HZ2,114,L,N,5.4288088933
110,K,HZ2,115,Q,CG,5.90170856617
110,K,HZ2,115,Q,CD,5.9835349084
110,K,HZ2,115,Q,HG2,5.21393718796
110,K,HZ2,115,Q,HG3,5.79306007219
110,K,HZ2,137,Y,CB,4.70191290859
110,K,HZ2,137,Y,CG,4.56015887881
110,K,HZ2,137,Y,CD1,5.24657812293
110,K,HZ2,137,Y,CD2,4.32158026652
110,K,HZ2,137,Y,CE1,5.7279381107
110,K,HZ2,137,Y,CE2,4.88170646393
110,K,HZ2,137,Y,CZ,5.56934547321
110,K,HZ2,137,Y,HB2,3.90256710384
110,K,HZ2,137,Y,HB3,4.99308181387
110,K,HZ2,137,Y,HD1,5.72802636167
110,K,HZ2,137,Y,HD2,4.18215482736
110,K,HZ2,137,Y,HE2,5.15623981211
110,K,HZ3,89,Y,CA,5.67703901695
110,K,HZ3,89,Y,CB,4.75938126231
110,K,HZ3,89,Y,CG,4.77814451435
110,K,HZ3,89,Y,CD1,3.86861357595
110,K,HZ3,89,Y,CE1,4.59407335597
110,K,HZ3,89,Y,CZ,5.92296488256
110,K,HZ3,89,Y,HA,5.38237642682
110,K,HZ3,89,Y,HB2,3.82275437349
110,K,HZ3,89,Y,HB3,5.38429689003
110,K,HZ3,89,Y,HD1,2.88972213197
110,K,HZ3,89,Y,HE1,4.38883469727
110,K,HZ3,91,T,OG1,5.84336974699
110,K,HZ3,91,T,HG1,5.4154417179
110,K,HZ3,113,E,CA,5.74835541699
110,K,HZ3,113,E,C,5.89532586037
110,K,HZ3,113,E,O,5.85422351811
110,K,HZ3,113,E,CB,4.37227549452
110,K,HZ3,113,E,CG,4.83108486781
110,K,HZ3,113,E,CD,4.11916120102
110,K,HZ3,113,E,OE1,3.16257995946
110,K,HZ3,113,E,OE2,4.9128160967
110,K,HZ3,113,E,HB2,4.05964099398
110,K,HZ3,113,E,HB3,3.77561796267
110,K,HZ3,113,E,HG2,5.32384400598
110,K,HZ3,113,E,HG3,5.70582491845
110,K,HZ3,115,Q,CD,5.95848663672
110,K,HZ3,115,Q,NE2,5.64635484184
110,K,HZ3,115,Q,HG2,5.34458417466
110,K,HZ3,115,Q,HE21,5.54758875549
110,K,HZ3,115,Q,HE22,5.89402205629
110,K,HZ3,137,Y,CG,5.9737430477
110,K,HZ3,137,Y,CD2,5.59046232435
110,K,HZ3,137,Y,CE2,5.84695553258
110,K,HZ3,137,Y,HB2,5.52429859801
110,K,HZ3,137,Y,HD2,5.48159046263
110,K,HZ3,137,Y,HE2,5.93747084203
111,
111,K,N,137,Y,CZ,5.99110607484
111,K,CA,187,R,CZ,5.30775677664
111,K,CA,187,R,NH1,4.70587855772
111,K,CA,187,R,NH2,5.16687710324
111,K,CA,187,R,HH11,5.28255629407
111,K,CA,187,R,HH12,4.04764993546
111,K,CA,187,R,HH21,5.91149972511
111,K,CA,187,R,HH22,4.51085679223
111,K,C,187,R,NH1,5.45538825383
111,K,C,187,R,HH11,5.79690305249
111,K,C,187,R,HH12,4.90695058055
111,K,C,187,R,HH22,5.78700846725
111,K,O,187,R,NH1,5.42204887473
111,K,O,187,R,HH11,5.63558728084
111,K,O,187,R,HH12,5.08462594494
111,K,CB,187,R,CZ,5.99166579509
111,K,CB,187,R,NH1,5.68147111231
111,K,CB,187,R,NH2,5.59560845664
111,K,CB,187,R,HH12,5.0820823488
111,K,CB,187,R,HH22,4.93826710497
111,K,CG,187,R,NH2,5.91574517707
111,K,CG,187,R,HH12,5.71449087846
111,K,CG,187,R,HH22,5.47615458146
111,K,HA,137,Y,OH,5.69722555285
111,K,HA,137,Y,HE1,5.63599529808
111,K,HA,139,N,HD21,5.9568981022
111,K,HA,163,D,OD2,5.78616098981
111,K,HA,187,R,CD,5.9535047661
111,K,HA,187,R,NE,5.29151632332
111,K,HA,187,R,CZ,4.28405613875
111,K,HA,187,R,NH1,3.72961365291
111,K,HA,187,R,NH2,4.24689510113
111,K,HA,187,R,HD2,5.79167859951
111,K,HA,187,R,HD3,5.85904719216
111,K,HA,187,R,HE,5.89990660943
111,K,HA,187,R,HH11,4.32702969715
111,K,HA,187,R,HH12,3.19076840275
111,K,HA,187,R,HH21,5.01038022509
111,K,HA,187,R,HH22,3.71016172154
111,K,HB2,187,R,HH12,5.9784112438
111,K,HB2,187,R,HH22,5.88354026076
111,K,HB3,187,R,CZ,5.64977070331
111,K,HB3,187,R,NH1,5.49572361023
111,K,HB3,187,R,NH2,5.04141924462
111,K,HB3,187,R,HH12,4.86670329895
111,K,HB3,187,R,HH21,5.49466850683
111,K,HB3,187,R,HH22,4.32143610389
111,K,HG2,187,R,CZ,5.36245363616
111,K,HG2,187,R,NH1,5.32272843568
111,K,HG2,187,R,NH2,5.15577229908
111,K,HG2,187,R,HH11,5.97422748144
111,K,HG2,187,R,HH12,5.0963152375
111,K,HG2,187,R,HH21,5.53400415612
111,K,HG2,187,R,HH22,4.86070426996
111,K,HD3,187,R,NH2,5.95788964315
111,K,HD3,187,R,HH22,5.53138201537
111,K,HE2,211,W,CZ2,5.72095149429
111,K,HE2,211,W,CH2,5.86536367159
111,K,HE2,211,W,HZ2,5.07470807042
111,K,HE2,211,W,HH2,5.35962181502
111,K,HE2,243,G,HA3,5.64637945944
111,K,HZ1,211,W,HZ2,5.93017175131
111,K,HZ1,243,G,HA3,5.59678086046
111,K,HZ3,211,W,HH2,5.81055694405
112,
112,A,N,187,R,HH12,5.81046486953
113,
113,K,N,117,W,HZ2,5.56951227667
113,K,CA,117,W,CZ2,5.29309257429
113,K,CA,117,W,CH2,5.37782511802
113,K,CA,117,W,HZ2,5.02090599394
113,K,CA,117,W,HH2,5.17037464793
113,K,CA,139,N,HD22,5.68482057764
113,K,CA,142,F,CD2,5.75596160515
113,K,CA,142,F,CE2,5.24925680454
113,K,CA,142,F,HD2,5.38297789332
113,K,CA,142,F,HE2,4.37605267336
113,K,C,142,F,CD2,4.84558283388
113,K,C,142,F,CE2,4.08455995182
113,K,C,142,F,CZ,4.83059923819
113,K,C,142,F,HD2,4.7438973429
113,K,C,142,F,HE2,3.24317036247
113,K,C,142,F,HZ,4.73337173693
113,K,O,141,A,HB2,5.94113322524
113,K,O,142,F,CG,5.22962302657
113,K,O,142,F,CD1,5.71318230061
113,K,O,142,F,CD2,4.1360566969
113,K,O,142,F,CE1,5.26555372207
113,K,O,142,F,CE2,3.49184965312
113,K,O,142,F,CZ,4.18179590607
113,K,O,142,F,HB3,5.90178837303
113,K,O,142,F,HD2,4.14393677558
113,K,O,142,F,HE2,2.91823816711
113,K,O,142,F,HZ,4.24429664373
113,K,CB,115,Q,OE1,5.76839787116
113,K,CB,115,Q,HE22,5.96532220421
113,K,CB,117,W,CD2,5.57331005777
113,K,CB,117,W,NE1,5.1418771864
113,K,CB,117,W,CE2,4.65059759601
113,K,CB,117,W,CE3,5.80821426946
113,K,CB,117,W,CZ2,3.93601829264
113,K,CB,117,W,CZ3,5.24871851027
113,K,CB,117,W,CH2,4.29572880894
113,K,CB,117,W,HE1,5.06294114127
113,K,CB,117,W,HZ2,3.57882550567
113,K,CB,117,W,HZ3,5.83637712969
113,K,CB,117,W,HH2,4.24292458099
113,K,CB,139,N,CG,5.70182654945
113,K,CB,139,N,OD1,5.58763286196
113,K,CB,139,N,ND2,5.00321706505
113,K,CB,139,N,HD21,5.43939362429
113,K,CB,139,N,HD22,4.33579358365
113,K,CB,141,A,CB,5.67907527684
113,K,CB,141,A,HB1,5.72015358185
113,K,CB,141,A,HB2,4.76354258929
113,K,CB,141,A,HB3,5.96989589524
113,K,CB,142,F,CD2,5.34243362149
113,K,CB,142,F,CE2,5.16141550352
113,K,CB,142,F,HD2,4.70983587824
113,K,CB,142,F,HE2,4.3405204757
113,K,CB,163,D,OD2,5.9681738413
113,K,CG,115,Q,OE1,5.99654592245
113,K,CG,117,W,CD1,5.83318446477
113,K,CG,117,W,CD2,5.81157069991
113,K,CG,117,W,NE1,4.82373340889
113,K,CG,117,W,CE2,4.75869404354
113,K,CG,117,W,CZ2,4.35516624252
113,K,CG,117,W,CH2,5.12151081225
113,K,CG,117,W,HE1,4.50798092276
113,K,CG,117,W,HZ2,3.85729762917
113,K,CG,117,W,HH2,5.2644522982
113,K,CG,139,N,CG,4.96454499426
113,K,CG,139,N,OD1,4.73691988533
113,K,CG,139,N,ND2,4.26328910584
113,K,CG,139,N,HD21,4.84713131656
113,K,CG,139,N,HD22,3.40812221025
113,K,CG,141,A,CA,5.58862398091
113,K,CG,141,A,C,5.8424353655
113,K,CG,141,A,O,5.97226590165
113,K,CG,141,A,CB,4.27064643819
113,K,CG,141,A,HB1,4.24014976151
113,K,CG,141,A,HB2,3.46308085381
113,K,CG,141,A,HB3,4.54551581231
113,K,CG,142,F,CG,5.7199358388
113,K,CG,142,F,CD2,4.35698519621
113,K,CG,142,F,CE2,4.22630346757
113,K,CG,142,F,CZ,5.516664572
113,K,CG,142,F,HB3,5.83202580584
113,K,CG,142,F,HD2,3.67480026668
113,K,CG,142,F,HE2,3.39429064754
113,K,CG,142,F,HZ,5.81557297263
113,K,CG,163,D,CG,5.63207617136
113,K,CG,163,D,OD1,5.94370490519
113,K,CG,163,D,OD2,4.80082472082
113,K,CG,165,S,OG,5.65453039606
113,K,CG,165,S,HG,5.63947914262
113,K,CG,166,Y,HD1,5.97845615523
113,K,CG,187,R,HH11,5.51841544286
113,K,CG,187,R,HH12,5.85291636708
113,K,CD,117,W,NE1,5.96722263704
113,K,CD,117,W,CZ2,5.51509374354
113,K,CD,117,W,HE1,5.45203099771
113,K,CD,117,W,HZ2,4.80060110819
113,K,CD,137,Y,HH,5.9492659211
113,K,CD,139,N,CG,5.14303927654
113,K,CD,139,N,OD1,5.15474558053
113,K,CD,139,N,ND2,4.16164943262
113,K,CD,139,N,HD21,4.54904033836
113,K,CD,139,N,HD22,3.23454679979
113,K,CD,141,A,CA,5.98121893931
113,K,CD,141,A,CB,4.49076329815
113,K,CD,141,A,HB1,4.33403530212
113,K,CD,141,A,HB2,3.97064490984
113,K,CD,141,A,HB3,4.46765867094
113,K,CD,142,F,CD2,5.04455805795
113,K,CD,142,F,CE2,4.63462069645
113,K,CD,142,F,CZ,5.78763941517
113,K,CD,142,F,HD2,4.51812184431
113,K,CD,142,F,HE2,3.65889614501
113,K,CD,142,F,HZ,5.88764630391
113,K,CD,163,D,CB,5.92842955596
113,K,CD,163,D,CG,4.75498706623
113,K,CD,163,D,OD1,5.11808225803
113,K,CD,163,D,OD2,3.75307340722
113,K,CD,163,D,HB2,5.86502796242
113,K,CD,165,S,OG,4.855595741
113,K,CD,165,S,HG,4.82148369281
113,K,CD,166,Y,HD1,5.63024599818
113,K,CD,166,Y,HE1,5.83933360924
113,K,CD,187,R,NH1,4.8802570629
113,K,CD,187,R,HD3,5.44388106042
113,K,CD,187,R,HH11,4.28121443051
113,K,CD,187,R,HH12,4.77227409104
113,K,CD,189,Y,OH,5.04442484333
113,K,CD,189,Y,HH,5.21171277029
113,K,CE,117,W,HE1,5.72776832632
113,K,CE,117,W,HZ2,5.80164967919
113,K,CE,139,N,CG,5.40103147556
113,K,CE,139,N,OD1,5.242758625
113,K,CE,139,N,ND2,4.55924401628
113,K,CE,139,N,HD21,5.06476613478
113,K,CE,139,N,HD22,3.56468694278
113,K,CE,141,A,N,5.98956375707
113,K,CE,141,A,CA,5.18337457647
113,K,CE,141,A,C,5.77660254821
113,K,CE,141,A,CB,3.67567504004
113,K,CE,141,A,HA,5.57934207591
113,K,CE,141,A,HB1,3.25265952722
113,K,CE,141,A,HB2,3.50253750872
113,K,CE,141,A,HB3,3.64554550102
113,K,CE,142,F,N,5.9675437158
113,K,CE,142,F,CG,5.70292556501
113,K,CE,142,F,CD2,4.38093665784
113,K,CE,142,F,CE2,3.95132294302
113,K,CE,142,F,CZ,5.03305891084
113,K,CE,142,F,HD2,3.99438868915
113,K,CE,142,F,HE2,3.09841072164
113,K,CE,142,F,HZ,5.17325149205
113,K,CE,163,D,CB,5.53381685638
113,K,CE,163,D,CG,4.13782382419
113,K,CE,163,D,OD1,4.14908447733
113,K,CE,163,D,OD2,3.37225740417
113,K,CE,163,D,HB2,5.64965459121
113,K,CE,163,D,HB3,5.93099603777
113,K,CE,165,S,N,5.84391461265
113,K,CE,165,S,CA,5.69320235017
113,K,CE,165,S,C,5.8343830008
113,K,CE,165,S,O,5.60870617879
113,K,CE,165,S,CB,4.75130350536
113,K,CE,165,S,OG,3.38547574205
113,K,CE,165,S,HB2,5.23857366084
113,K,CE,165,S,HB3,5.00962363856
113,K,CE,165,S,HG,3.49521916337
113,K,CE,166,Y,CD1,5.08756533128
113,K,CE,166,Y,CE1,5.29647939673
113,K,CE,166,Y,HB3,5.8635154984
113,K,CE,166,Y,HD1,4.21108655812
113,K,CE,166,Y,HE1,4.64936135399
113,K,CE,187,R,CD,5.88775576939
113,K,CE,187,R,NH1,5.17587606111
113,K,CE,187,R,HD2,5.86599573815
113,K,CE,187,R,HD3,4.94419831722
113,K,CE,187,R,HH11,4.3599615824
113,K,CE,187,R,HH12,5.35572740158
113,K,CE,189,Y,CE1,5.96367520913
113,K,CE,189,Y,CE2,5.41040793286
113,K,CE,189,Y,CZ,5.01872194886
113,K,CE,189,Y,OH,4.11223369958
113,K,CE,189,Y,HE2,5.04085131699
113,K,CE,189,Y,HH,4.35982362029
113,K,NZ,139,N,CG,5.9102803656
113,K,NZ,139,N,OD1,5.95019487076
113,K,NZ,139,N,ND2,4.9493598576
113,K,NZ,139,N,HD21,5.25008009463
113,K,NZ,139,N,HD22,4.0517892344
113,K,NZ,141,A,CA,5.91007453422
113,K,NZ,141,A,CB,4.43279979246
113,K,NZ,141,A,HB1,3.99230898103
113,K,NZ,141,A,HB2,4.52295456533
113,K,NZ,141,A,HB3,4.09271462479
113,K,NZ,142,F,CD2,5.5773969735
113,K,NZ,142,F,CE2,5.03314494129
113,K,NZ,142,F,CZ,5.90193400505
113,K,NZ,142,F,HD2,5.29715338649
113,K,NZ,142,F,HE2,4.22029240693
113,K,NZ,142,F,HZ,5.8772314911
113,K,NZ,163,D,CB,5.02265607025
113,K,NZ,163,D,CG,3.55418218441
113,K,NZ,163,D,OD1,3.54401199208
113,K,NZ,163,D,OD2,2.75563078078
113,K,NZ,163,D,HA,5.982183715
113,K,NZ,163,D,HB2,5.40755434554
113,K,NZ,163,D,HB3,5.27163134144
113,K,NZ,165,S,N,5.47434553166
113,K,NZ,165,S,CA,5.29882590769
113,K,NZ,165,S,C,5.79217333995
113,K,NZ,165,S,O,5.84922302533
113,K,NZ,165,S,CB,4.10699963477
113,K,NZ,165,S,OG,2.8601459753
113,K,NZ,165,S,HB2,4.32655763859
113,K,NZ,165,S,HB3,4.40556761383
113,K,NZ,165,S,HG,2.91670773304
113,K,NZ,166,Y,CD1,5.22114029691
113,K,NZ,166,Y,CE1,5.26170628219
113,K,NZ,166,Y,HD1,4.39425090317
113,K,NZ,166,Y,HE1,4.4809376251
113,K,NZ,187,R,CB,5.36734329068
113,K,NZ,187,R,CG,5.63356725353
113,K,NZ,187,R,CD,4.58761648353
113,K,NZ,187,R,NE,5.41959195881
113,K,NZ,187,R,CZ,5.33555048706
113,K,NZ,187,R,NH1,4.40513722828
113,K,NZ,187,R,HB2,4.87509948616
113,K,NZ,187,R,HB3,4.94030646823
113,K,NZ,187,R,HD2,4.46510123066
113,K,NZ,187,R,HD3,3.71724656164
113,K,NZ,187,R,HH11,3.55397749008
113,K,NZ,187,R,HH12,4.82267322136
113,K,NZ,189,Y,CD2,5.36504995317
113,K,NZ,189,Y,CE1,5.05836821515
113,K,NZ,189,Y,CE2,4.11210809683
113,K,NZ,189,Y,CZ,3.91306337797
113,K,NZ,189,Y,OH,3.08303276012
113,K,NZ,189,Y,HD2,5.84069567774
113,K,NZ,189,Y,HE1,5.34449193095
113,K,NZ,189,Y,HE2,3.62512082557
113,K,NZ,189,Y,HH,3.60245485745
113,K,HA,117,W,CZ2,5.2606362733
113,K,HA,117,W,CZ3,5.71038299941
113,K,HA,117,W,CH2,5.08583424818
113,K,HA,117,W,HZ2,5.18429532338
113,K,HA,117,W,HZ3,5.9558035562
113,K,HA,117,W,HH2,4.85662444502
113,K,HA,142,F,CE2,5.79170251308
113,K,HA,142,F,HD2,5.83864145157
113,K,HA,142,F,HE2,5.04165151513
113,K,HB2,115,Q,CD,5.74605238403
113,K,HB2,115,Q,OE1,4.91407163155
113,K,HB2,115,Q,NE2,5.7821693161
113,K,HB2,115,Q,HE22,5.07687945494
113,K,HB2,117,W,CD2,5.63270103947
113,K,HB2,117,W,NE1,5.18876276197
113,K,HB2,117,W,CE2,4.58696130352
113,K,HB2,117,W,CE3,5.80055609403
113,K,HB2,117,W,CZ2,3.60916693989
113,K,HB2,117,W,CZ3,5.05675291071
113,K,HB2,117,W,CH2,3.91044268594
113,K,HB2,117,W,HE1,5.05888713059
113,K,HB2,117,W,HZ2,3.07016579357
113,K,HB2,117,W,HZ3,5.61568019032
113,K,HB2,117,W,HH2,3.65870537212
113,K,HB2,137,Y,OH,5.71128260551
113,K,HB2,137,Y,HH,5.23989828146
113,K,HB2,139,N,CG,5.32212814577
113,K,HB2,139,N,OD1,5.42166035454
113,K,HB2,139,N,ND2,4.54377035071
113,K,HB2,139,N,HD21,4.82271718018
113,K,HB2,139,N,HD22,4.03110629976
113,K,HB2,141,A,HB2,5.14186366992
113,K,HB2,142,F,HD2,5.59470052818
113,K,HB2,142,F,HE2,5.30792633709
113,K,HB2,163,D,OD2,5.78312623068
113,K,HB2,187,R,HH11,5.94441569879
113,K,HB2,187,R,HH12,5.62176173455
113,K,HB3,115,Q,OE1,5.75658388282
113,K,HB3,115,Q,HE22,5.7723585301
113,K,HB3,117,W,CG,5.57994247282
113,K,HB3,117,W,CD1,5.45705176813
113,K,HB3,117,W,CD2,4.66555580826
113,K,HB3,117,W,NE1,4.53712783598
113,K,HB3,117,W,CE2,3.92004005082
113,K,HB3,117,W,CE3,4.83721252376
113,K,HB3,117,W,CZ2,3.33516206503
113,K,HB3,117,W,CZ3,4.36962950375
113,K,HB3,117,W,CH2,3.60223014256
113,K,HB3,117,W,HE1,4.65911804959
113,K,HB3,117,W,HE3,5.6823317397
113,K,HB3,117,W,HZ2,3.27386468871
113,K,HB3,117,W,HZ3,4.97550178374
113,K,HB3,117,W,HH2,3.73586977824
113,K,HB3,139,N,CG,5.81639905784
113,K,HB3,139,N,OD1,5.54553973929
113,K,HB3,139,N,ND2,5.34374503509
113,K,HB3,139,N,HD21,5.88260393023
113,K,HB3,139,N,HD22,4.75682793466
113,K,HB3,141,A,CB,5.75698896994
113,K,HB3,141,A,HB1,5.87307849428
113,K,HB3,141,A,HB2,4.75295466
113,K,HB3,142,F,CD2,5.19798893804
113,K,HB3,142,F,CE2,5.23960494694
113,K,HB3,142,F,HD2,4.50622391809
113,K,HB3,142,F,HE2,4.59334605707
113,K,HG2,115,Q,OE1,5.27065441857
113,K,HG2,117,W,CG,5.62347490436
113,K,HG2,117,W,CD1,4.93138864824
113,K,HG2,117,W,CD2,5.09499332679
113,K,HG2,117,W,NE1,3.85498236053
113,K,HG2,117,W,CE2,3.93375799967
113,K,HG2,117,W,CE3,5.83053659623
113,K,HG2,117,W,CZ2,3.65776516469
113,K,HG2,117,W,CZ3,5.64794652949
113,K,HG2,117,W,CH2,4.65155199906
113,K,HG2,117,W,HD1,5.42950983055
113,K,HG2,117,W,HE1,3.45137262549
113,K,HG2,117,W,HZ2,3.11732994725
113,K,HG2,117,W,HH2,4.93305513855
113,K,HG2,137,Y,OH,5.81740913122
113,K,HG2,137,Y,HH,5.42072080078
113,K,HG2,139,N,CB,5.41141589605
113,K,HG2,139,N,CG,3.97356338819
113,K,HG2,139,N,OD1,3.67223596736
113,K,HG2,139,N,ND2,3.43786808938
113,K,HG2,139,N,HB2,5.61680781227
113,K,HG2,139,N,HB3,5.78562909285
113,K,HG2,139,N,HD21,4.15233777528
113,K,HG2,139,N,HD22,2.64787499705
113,K,HG2,141,A,N,5.19406478589
113,K,HG2,141,A,CA,4.85561993982
113,K,HG2,141,A,C,5.21321532262
113,K,HG2,141,A,O,5.27757226383
113,K,HG2,141,A,CB,3.61938585951
113,K,HG2,141,A,HA,5.71152422738
113,K,HG2,141,A,HB1,3.84788110523
113,K,HG2,141,A,HB2,2.6956750546
113,K,HG2,141,A,HB3,3.86954816484
113,K,HG2,142,F,N,5.89170764719
113,K,HG2,142,F,CG,5.79298446399
113,K,HG2,142,F,CD2,4.51756317056
113,K,HG2,142,F,CE2,4.69718319847
113,K,HG2,142,F,HB3,5.56938003731
113,K,HG2,142,F,HD2,3.64044557712
113,K,HG2,142,F,HE2,4.02144924126
113,K,HG2,163,D,CG,5.1951501422
113,K,HG2,163,D,OD1,5.54963683496
113,K,HG2,163,D,OD2,4.51573438103
113,K,HG2,163,D,HB2,5.68581339827
113,K,HG2,165,S,OG,5.61275164247
113,K,HG2,165,S,HG,5.45023577472
113,K,HG2,187,R,HH11,5.41397949756
113,K,HG2,187,R,HH12,5.77607245453
113,K,HG3,117,W,CD1,5.83136596348
113,K,HG3,117,W,CD2,5.9536249462
113,K,HG3,117,W,NE1,5.03208922814
113,K,HG3,117,W,CE2,5.07790616298
113,K,HG3,117,W,CZ2,4.91514811577
113,K,HG3,117,W,CH2,5.66375873427
113,K,HG3,117,W,HE1,4.79824613791
113,K,HG3,117,W,HZ2,4.59842810099
113,K,HG3,117,W,HH2,5.92861754543
113,K,HG3,139,N,CG,5.63776808675
113,K,HG3,139,N,OD1,5.20732042417
113,K,HG3,139,N,ND2,5.07535121937
113,K,HG3,139,N,HD21,5.75380656609
113,K,HG3,139,N,HD22,4.17960105752
113,K,HG3,141,A,CA,5.33508819046
113,K,HG3,141,A,C,5.3558309346
113,K,HG3,141,A,O,5.51497796913
113,K,HG3,141,A,CB,4.10563576076
113,K,HG3,141,A,HB1,3.87280802519
113,K,HG3,141,A,HB2,3.36754435754
113,K,HG3,141,A,HB3,4.59751063077
113,K,HG3,142,F,N,5.66121294424
113,K,HG3,142,F,CB,5.45671375463
113,K,HG3,142,F,CG,4.70318041329
113,K,HG3,142,F,CD1,5.6678442992
113,K,HG3,142,F,CD2,3.3319576828
113,K,HG3,142,F,CE1,5.58027194678
113,K,HG3,142,F,CE2,3.18209506458
113,K,HG3,142,F,CZ,4.48745339809
113,K,HG3,142,F,HB3,4.99660254573
113,K,HG3,142,F,HD2,2.75541557664
113,K,HG3,142,F,HE2,2.42227269315
113,K,HG3,142,F,HZ,4.86173682957
113,K,HG3,163,D,OD2,5.38126434957
113,K,HG3,165,S,OG,5.48270353019
113,K,HG3,165,S,HG,5.63166272072
113,K,HG3,166,Y,HD1,5.28291169716
113,K,HG3,166,Y,HE1,5.90741271624
113,K,HD2,117,W,HZ2,5.5045736438
113,K,HD2,139,N,ND2,5.09287050689
113,K,HD2,139,N,HD21,5.35329804887
113,K,HD2,139,N,HD22,4.21569840003
113,K,HD2,141,A,CB,5.49552790913
113,K,HD2,141,A,HB1,5.22348255477
113,K,HD2,141,A,HB2,5.00205927594
113,K,HD2,141,A,HB3,5.48945735023
113,K,HD2,142,F,CD2,5.50218956416
113,K,HD2,142,F,CE2,4.84146021361
113,K,HD2,142,F,CZ,5.82699287798
113,K,HD2,142,F,HD2,5.13625164882
113,K,HD2,142,F,HE2,3.78092012611
113,K,HD2,142,F,HZ,5.73825574543
113,K,HD2,163,D,CG,5.53296611231
113,K,HD2,163,D,OD1,5.89488676736
113,K,HD2,163,D,OD2,4.44111877797
113,K,HD2,165,S,OG,5.41761478882
113,K,HD2,165,S,HG,5.49450534625
113,K,HD2,166,Y,HD1,5.94907101992
113,K,HD2,166,Y,HE1,5.70197553485
113,K,HD2,187,R,NH1,5.11122382605
113,K,HD2,187,R,HD3,5.78122729185
113,K,HD2,187,R,HH11,4.64005183161
113,K,HD2,187,R,HH12,4.97502804012
113,K,HD2,189,Y,CZ,5.97716170101
113,K,HD2,189,Y,OH,4.74601580275
113,K,HD2,189,Y,HH,4.78339147468
113,K,HD3,115,Q,OE1,5.65743705223
113,K,HD3,117,W,NE1,5.89913459755
113,K,HD3,117,W,CE2,5.93847370963
113,K,HD3,117,W,CZ2,5.31451164266
113,K,HD3,117,W,HE1,5.2920915525
113,K,HD3,117,W,HZ2,4.44560074681
113,K,HD3,137,Y,OH,4.99676545377
113,K,HD3,137,Y,HH,4.9609063688
113,K,HD3,139,N,CB,5.77288368149
113,K,HD3,139,N,CG,4.48438290069
113,K,HD3,139,N,OD1,4.73135699351
113,K,HD3,139,N,ND2,3.35704319305
113,K,HD3,139,N,HB3,5.72333940982
113,K,HD3,139,N,HD21,3.58799902453
113,K,HD3,139,N,HD22,2.52712484852
113,K,HD3,141,A,CB,4.66810047021
113,K,HD3,141,A,HB1,4.71698579604
113,K,HD3,141,A,HB2,4.15545015612
113,K,HD3,141,A,HB3,4.42505559287
113,K,HD3,142,F,CD2,5.94014654701
113,K,HD3,142,F,CE2,5.6498842466
113,K,HD3,142,F,HD2,5.30547509654
113,K,HD3,142,F,HE2,4.71002929927
113,K,HD3,163,D,CB,5.19811985241
113,K,HD3,163,D,CG,4.19710126159
113,K,HD3,163,D,OD1,4.80463245212
113,K,HD3,163,D,OD2,3.10447692857
113,K,HD3,163,D,HB2,5.09021728416
113,K,HD3,163,D,HB3,5.33349463298
113,K,HD3,165,S,OG,5.1001846045
113,K,HD3,165,S,HG,4.86011563648
113,K,HD3,187,R,CD,5.73120973268
113,K,HD3,187,R,NE,5.92502059068
113,K,HD3,187,R,CZ,5.22943926248
113,K,HD3,187,R,NH1,3.95266770675
113,K,HD3,187,R,HD2,5.86619169479
113,K,HD3,187,R,HD3,4.86488129352
113,K,HD3,187,R,HH11,3.42191992893
113,K,HD3,187,R,HH12,3.76446716017
113,K,HD3,187,R,HH22,5.85951823958
113,K,HD3,189,Y,OH,5.45951746952
113,K,HD3,189,Y,HH,5.77725410554
113,K,HE2,117,W,NE1,5.59144757643
113,K,HE2,117,W,HE1,4.90449813946
113,K,HE2,117,W,HZ2,5.44016056748
113,K,HE2,139,N,CG,4.66136900492
113,K,HE2,139,N,OD1,4.35827419973
113,K,HE2,139,N,ND2,4.01626567846
113,K,HE2,139,N,HD21,4.67833389146
113,K,HE2,139,N,HD22,3.03650934463
113,K,HE2,141,A,N,4.90013203904
113,K,HE2,141,A,CA,4.11648442242
113,K,HE2,141,A,C,4.80749882995
113,K,HE2,141,A,O,5.45111126285
113,K,HE2,141,A,CB,2.59618084886
113,K,HE2,141,A,HA,4.54498206817
113,K,HE2,141,A,HB1,2.29376851491
113,K,HE2,141,A,HB2,2.4822266214
113,K,HE2,141,A,HB3,2.58565001499
113,K,HE2,142,F,N,5.11312839659
113,K,HE2,142,F,CG,5.32764638466
113,K,HE2,142,F,CD2,4.08656457186
113,K,HE2,142,F,CE2,4.01036419793
113,K,HE2,142,F,CZ,5.20816647199
113,K,HE2,142,F,HB3,5.77455963689
113,K,HE2,142,F,HD2,3.52955705436
113,K,HE2,142,F,HE2,3.36656635164
113,K,HE2,142,F,HZ,5.55214147874
113,K,HE2,163,D,C,5.96112497772
113,K,HE2,163,D,O,5.99831993145
113,K,HE2,163,D,CB,5.01494177434
113,K,HE2,163,D,CG,3.67509754973
113,K,HE2,163,D,OD1,3.59490333667
113,K,HE2,163,D,OD2,3.16930402455
113,K,HE2,163,D,HB2,5.03107791631
113,K,HE2,163,D,HB3,5.58381392956
113,K,HE2,165,S,N,5.14554856162
113,K,HE2,165,S,CA,5.16268118326
113,K,HE2,165,S,C,5.24253879337
113,K,HE2,165,S,O,4.86100534869
113,K,HE2,165,S,CB,4.47623558361
113,K,HE2,165,S,OG,3.07839990904
113,K,HE2,165,S,HB2,5.04723270714
113,K,HE2,165,S,HB3,4.89214973197
113,K,HE2,165,S,HG,3.03868540655
113,K,HE2,166,Y,CD1,5.1266886974
113,K,HE2,166,Y,CE1,5.61234728077
113,K,HE2,166,Y,HB3,5.42005996277
113,K,HE2,166,Y,HD1,4.1319605516
113,K,HE2,166,Y,HE1,5.13283050568
113,K,HE2,187,R,NH1,5.41162683488
113,K,HE2,187,R,HB3,5.84678757952
113,K,HE2,187,R,HD3,5.04965078
113,K,HE2,187,R,HH11,4.52066156663
113,K,HE2,187,R,HH12,5.60547446698
113,K,HE2,189,Y,CE2,5.81639355615
113,K,HE2,189,Y,CZ,5.58714578296
113,K,HE2,189,Y,OH,4.87350038473
113,K,HE2,189,Y,HE2,5.4312331933
113,K,HE2,189,Y,HH,5.19560140888
113,K,HE3,139,N,ND2,5.55176737625
113,K,HE3,139,N,HD22,4.5488172089
113,K,HE3,141,A,CA,5.42672801972
113,K,HE3,141,A,C,5.76694737274
113,K,HE3,141,A,CB,4.02328000517
113,K,HE3,141,A,HA,5.79023427851
113,K,HE3,141,A,HB1,3.36054593779
113,K,HE3,141,A,HB2,3.88065767622
113,K,HE3,141,A,HB3,4.22726235287
113,K,HE3,142,F,N,5.74295420494
113,K,HE3,142,F,CG,4.99140310935
113,K,HE3,142,F,CD1,5.63658797501
113,K,HE3,142,F,CD2,3.67747481297
113,K,HE3,142,F,CE1,5.22388897279
113,K,HE3,142,F,CE2,3.00775963135
113,K,HE3,142,F,CZ,3.99172857294
113,K,HE3,142,F,HB3,5.98049278906
113,K,HE3,142,F,HD2,3.52931098091
113,K,HE3,142,F,HE2,2.12591956574
113,K,HE3,142,F,HZ,4.08436849464
113,K,HE3,163,D,CG,5.08203905928
113,K,HE3,163,D,OD1,4.91002413436
113,K,HE3,163,D,OD2,4.40039145986
113,K,HE3,165,S,CA,5.75873753526
113,K,HE3,165,S,C,5.68246513408
113,K,HE3,165,S,O,5.48162111058
113,K,HE3,165,S,CB,4.80610029026
113,K,HE3,165,S,OG,3.5648367424
113,K,HE3,165,S,HB2,5.42754631486
113,K,HE3,165,S,HB3,4.8376134612
113,K,HE3,165,S,HG,3.94660132266
113,K,HE3,166,Y,CB,5.97799171963
113,K,HE3,166,Y,CG,5.52562340374
113,K,HE3,166,Y,CD1,4.30409061243
113,K,HE3,166,Y,CE1,4.43998524772
113,K,HE3,166,Y,CZ,5.73416262413
113,K,HE3,166,Y,HB3,5.26131247884
113,K,HE3,166,Y,HD1,3.54224152197
113,K,HE3,166,Y,HE1,3.8336178735
113,K,HE3,187,R,HD3,5.79458385046
113,K,HE3,187,R,HH11,5.3718702516
113,K,HE3,189,Y,CE1,5.57261491582
113,K,HE3,189,Y,CE2,5.47953456053
113,K,HE3,189,Y,CZ,4.84081862912
113,K,HE3,189,Y,OH,3.92639287387
113,K,HE3,189,Y,HE1,5.49428084466
113,K,HE3,189,Y,HE2,5.31682866002
113,K,HE3,189,Y,HH,3.951786558
113,K,HZ1,139,N,ND2,5.50609607617
113,K,HZ1,139,N,HD21,5.87109086968
113,K,HZ1,139,N,HD22,4.62865866099
113,K,HZ1,141,A,CA,5.67365702171
113,K,HZ1,141,A,CB,4.30506434331
113,K,HZ1,141,A,HA,5.68399208303
113,K,HZ1,141,A,HB1,3.71812076189
113,K,HZ1,141,A,HB2,4.62494983757
113,K,HZ1,141,A,HB3,3.96686954663
113,K,HZ1,142,F,CD2,5.48292713794
113,K,HZ1,142,F,CE2,4.96635973325
113,K,HZ1,142,F,CZ,5.71290661573
113,K,HZ1,142,F,HD2,5.31118564917
113,K,HZ1,142,F,HE2,4.31467507467
113,K,HZ1,142,F,HZ,5.71085098737
113,K,HZ1,163,D,CA,5.95300865109
113,K,HZ1,163,D,CB,5.10206477811
113,K,HZ1,163,D,CG,3.57283165011
113,K,HZ1,163,D,OD1,3.21588961253
113,K,HZ1,163,D,OD2,3.09618410305
113,K,HZ1,163,D,HA,5.72929603005
113,K,HZ1,163,D,HB2,5.5947136656
113,K,HZ1,163,D,HB3,5.45745490133
113,K,HZ1,164,L,C,5.98552328539
113,K,HZ1,165,S,N,4.70680677317
113,K,HZ1,165,S,CA,4.38244783198
113,K,HZ1,165,S,C,4.92379538568
113,K,HZ1,165,S,O,5.12110076058
113,K,HZ1,165,S,CB,3.12294940721
113,K,HZ1,165,S,OG,1.9529838709
113,K,HZ1,165,S,HA,5.1980154867
113,K,HZ1,165,S,HB2,3.38689621925
113,K,HZ1,165,S,HB3,3.39495169332
113,K,HZ1,165,S,HG,2.20923991454
113,K,HZ1,166,Y,N,5.66563606314
113,K,HZ1,166,Y,CG,5.79629994048
113,K,HZ1,166,Y,CD1,4.50629171271
113,K,HZ1,166,Y,CE1,4.62659723771
113,K,HZ1,166,Y,CZ,5.97336571792
113,K,HZ1,166,Y,HB3,5.72468916187
113,K,HZ1,166,Y,HD1,3.67547085419
113,K,HZ1,166,Y,HE1,3.9310407019
113,K,HZ1,187,R,CB,4.94643235069
113,K,HZ1,187,R,CG,5.47602638781
113,K,HZ1,187,R,CD,4.658433213
113,K,HZ1,187,R,NE,5.70783093653
113,K,HZ1,187,R,CZ,5.83523898397
113,K,HZ1,187,R,NH1,5.04073853716
113,K,HZ1,187,R,HB2,4.3680386903
113,K,HZ1,187,R,HB3,4.51660591595
113,K,HZ1,187,R,HD2,4.51650107938
113,K,HZ1,187,R,HD3,3.80039063782
113,K,HZ1,187,R,HH11,4.12795748525
113,K,HZ1,187,R,HH12,5.58228519515
113,K,HZ1,189,Y,CG,5.42872701469
113,K,HZ1,189,Y,CD1,5.33322725936
113,K,HZ1,189,Y,CD2,4.59668467485
113,K,HZ1,189,Y,CE1,4.39399431042
113,K,HZ1,189,Y,CE2,3.45362505203
113,K,HZ1,189,Y,CZ,3.31867895404
113,K,HZ1,189,Y,OH,2.79203116028
113,K,HZ1,189,Y,HD2,5.09445060826
113,K,HZ1,189,Y,HE1,4.77614352799
113,K,HZ1,189,Y,HE2,3.11588221857
113,K,HZ1,189,Y,HH,3.38806050713
113,K,HZ2,139,N,ND2,5.65468053916
113,K,HZ2,139,N,HD21,5.84222680149
113,K,HZ2,139,N,HD22,4.781097259
113,K,HZ2,141,A,CB,5.4029278174
113,K,HZ2,141,A,HB1,4.91358728426
113,K,HZ2,141,A,HB2,5.43409284058
113,K,HZ2,141,A,HB3,5.09655393379
113,K,HZ2,142,F,CE2,5.35321837776
113,K,HZ2,142,F,HD2,5.92127055622
113,K,HZ2,142,F,HE2,4.46203484971
113,K,HZ2,142,F,HZ,5.87805078236
113,K,HZ2,163,D,CB,5.73397706657
113,K,HZ2,163,D,CG,4.32323443732
113,K,HZ2,163,D,OD1,4.38394867671
113,K,HZ2,163,D,OD2,3.41374955145
113,K,HZ2,163,D,HB3,5.83077439111
113,K,HZ2,165,S,CB,4.68186597416
113,K,HZ2,165,S,OG,3.58924838929
113,K,HZ2,165,S,HB2,4.80357013064
113,K,HZ2,165,S,HB3,4.82104812256
113,K,HZ2,165,S,HG,3.75064621099
113,K,HZ2,166,Y,CD1,5.49052611322
113,K,HZ2,166,Y,CE1,5.26764026866
113,K,HZ2,166,Y,HD1,4.81100675535
113,K,HZ2,166,Y,HE1,4.34954399909
113,K,HZ2,187,R,CB,5.6419362811
113,K,HZ2,187,R,CG,5.7747445831
113,K,HZ2,187,R,CD,4.61286353581
113,K,HZ2,187,R,NE,5.3942626929
113,K,HZ2,187,R,CZ,5.31066323542
113,K,HZ2,187,R,NH1,4.45189543902
113,K,HZ2,187,R,HB2,5.03959601556
113,K,HZ2,187,R,HB3,5.39467394752
113,K,HZ2,187,R,HD2,4.27420472135
113,K,HZ2,187,R,HD3,3.91562830207
113,K,HZ2,187,R,HH11,3.7504585053
113,K,HZ2,187,R,HH12,4.85525138381
113,K,HZ2,189,Y,CD1,5.88255276219
113,K,HZ2,189,Y,CD2,5.26197320404
113,K,HZ2,189,Y,CE1,4.70783198511
113,K,HZ2,189,Y,CE2,3.90118315386
113,K,HZ2,189,Y,CZ,3.53097012165
113,K,HZ2,189,Y,OH,2.46656522314
113,K,HZ2,189,Y,HD2,5.82300309119
113,K,HZ2,189,Y,HE1,4.92371008489
113,K,HZ2,189,Y,HE2,3.44513424992
113,K,HZ2,189,Y,HH,2.93653503299
113,K,HZ3,139,N,CG,5.27770404627
113,K,HZ3,139,N,OD1,5.47982527094
113,K,HZ3,139,N,ND2,4.26228166596
113,K,HZ3,139,N,HD21,4.45447426752
113,K,HZ3,139,N,HD22,3.466608429
113,K,HZ3,141,A,CA,5.88694734136
113,K,HZ3,141,A,CB,4.42636080771
113,K,HZ3,141,A,HB1,4.21155375129
113,K,HZ3,141,A,HB2,4.52299480433
113,K,HZ3,141,A,HB3,3.86601978784
113,K,HZ3,142,F,CE2,5.86037251376
113,K,HZ3,142,F,HD2,5.83229714607
113,K,HZ3,142,F,HE2,5.061168047
113,K,HZ3,163,D,CA,5.2508861157
113,K,HZ3,163,D,C,5.71170815081
113,K,HZ3,163,D,CB,4.09703673403
113,K,HZ3,163,D,CG,2.69608252841
113,K,HZ3,163,D,OD1,2.94837904619
113,K,HZ3,163,D,OD2,1.77545515291
113,K,HZ3,163,D,HA,5.1830763066
113,K,HZ3,163,D,HB2,4.50762221132
113,K,HZ3,163,D,HB3,4.27756110418
113,K,HZ3,165,S,N,5.33991207793
113,K,HZ3,165,S,CA,5.42352486857
113,K,HZ3,165,S,CB,4.32784911937
113,K,HZ3,165,S,OG,3.09381980729
113,K,HZ3,165,S,HB2,4.38508939476
113,K,HZ3,165,S,HB3,4.83447515249
113,K,HZ3,165,S,HG,2.81400888414
113,K,HZ3,166,Y,HD1,5.16377391062
113,K,HZ3,166,Y,HE1,5.42817169957
113,K,HZ3,187,R,CB,4.80521924578
113,K,HZ3,187,R,CG,4.92412164756
113,K,HZ3,187,R,CD,3.84359584244
113,K,HZ3,187,R,NE,4.58156272466
113,K,HZ3,187,R,CZ,4.45829844223
113,K,HZ3,187,R,NH1,3.5203942961
113,K,HZ3,187,R,NH2,5.64489415313
113,K,HZ3,187,R,HB2,4.48824119227
113,K,HZ3,187,R,HB3,4.31897788834
113,K,HZ3,187,R,HG2,5.38658983031
113,K,HZ3,187,R,HG3,5.75890041588
113,K,HZ3,187,R,HD2,3.91206045454
113,K,HZ3,187,R,HD3,2.89751962892
113,K,HZ3,187,R,HE,5.58508674955
113,K,HZ3,187,R,HH11,2.6063096516
113,K,HZ3,187,R,HH12,3.99656865323
113,K,HZ3,187,R,HH22,5.8753619463
113,K,HZ3,189,Y,CD2,5.57104738806
113,K,HZ3,189,Y,CE1,5.7247046212
113,K,HZ3,189,Y,CE2,4.37639086463
113,K,HZ3,189,Y,CZ,4.47389081226
113,K,HZ3,189,Y,OH,3.76479176051
113,K,HZ3,189,Y,HD2,5.87033849109
113,K,HZ3,189,Y,HE2,3.67339094026
113,K,HZ3,189,Y,HH,4.41504462039
114,
114,N,N,142,F,CD2,5.29370673536
114,N,CA,142,F,CD2,5.22841476932
114,N,CA,142,F,CE1,5.35297393978
114,N,CA,142,F,CE2,3.95516320776
114,N,CA,142,F,CZ,4.03681322332
114,N,CA,142,F,HD2,5.56697242673
114,N,CA,142,F,HE1,5.77925583445
114,N,CA,142,F,HE2,3.21536001095
114,N,CA,142,F,HZ,3.40084019031
114,N,CA,166,Y,CD1,5.8791194919
114,N,CA,166,Y,CE1,5.26054189224
114,N,CA,166,Y,CZ,5.87065337079
114,N,CA,166,Y,OH,5.81402218778
114,N,CA,166,Y,HD1,5.78517112971
114,N,CA,166,Y,HE1,4.62146275545
114,N,CA,189,Y,OH,5.22553145623
114,N,CA,189,Y,HE1,5.96440390986
114,N,CA,189,Y,HH,4.55298198986
114,N,C,142,F,CE1,5.70381942211
114,N,C,142,F,CE2,4.80127420587
114,N,C,142,F,CZ,4.59418034039
114,N,C,142,F,HE1,5.942982248
114,N,C,142,F,HE2,4.29651556497
114,N,C,142,F,HZ,3.89032929198
114,N,C,166,Y,HE1,5.67529259158
114,N,C,189,Y,HH,5.80034386912
114,N,O,142,F,CE1,5.24727376835
114,N,O,142,F,CE2,4.89826356988
114,N,O,142,F,CZ,4.3408527964
114,N,O,142,F,HE1,5.27765231898
114,N,O,142,F,HE2,4.6370406511
114,N,O,142,F,HZ,3.53571690043
114,N,O,166,Y,CE1,5.91034508299
114,N,O,166,Y,CZ,5.99370711663
114,N,O,166,Y,OH,5.73734468199
114,N,O,166,Y,HE1,5.58403939814
114,N,CB,142,F,CE2,4.88655707017
114,N,CB,142,F,CZ,4.86251796912
114,N,CB,142,F,HE2,4.1080321323
114,N,CB,142,F,HZ,4.06135962456
114,N,CB,166,Y,CD1,5.88627369394
114,N,CB,166,Y,CE1,5.00543314809
114,N,CB,166,Y,CZ,5.56136125423
114,N,CB,166,Y,OH,5.25229226148
114,N,CB,166,Y,HD1,5.85464507891
114,N,CB,166,Y,HE1,4.1661605826
114,N,CB,189,Y,CE1,5.59748166589
114,N,CB,189,Y,CZ,5.34205962153
114,N,CB,189,Y,OH,4.18451275539
114,N,CB,189,Y,HE1,4.93500496454
114,N,CB,189,Y,HH,3.42602524801
114,N,CG,142,F,CE1,5.72508681157
114,N,CG,142,F,CE2,4.89546943612
114,N,CG,142,F,CZ,4.54409132831
114,N,CG,142,F,HE1,5.86542044529
114,N,CG,142,F,HE2,4.34053740912
114,N,CG,142,F,HZ,3.60029901536
114,N,CG,166,Y,CD1,4.9868863031
114,N,CG,166,Y,CE1,3.87867219548
114,N,CG,166,Y,CE2,5.52207433851
114,N,CG,166,Y,CZ,4.22980212303
114,N,CG,166,Y,OH,3.77457931431
114,N,CG,166,Y,HD1,5.18181628389
114,N,CG,166,Y,HE1,3.08153808998
114,N,CG,166,Y,HH,4.64608620239
114,N,CG,189,Y,CD1,5.80308754027
114,N,CG,189,Y,CE1,4.49626800803
114,N,CG,189,Y,CE2,5.92317820093
114,N,CG,189,Y,CZ,4.5760565993
114,N,CG,189,Y,OH,3.69533949726
114,N,CG,189,Y,HE1,3.67423583892
114,N,CG,189,Y,HH,2.76545005379
114,N,OD1,142,F,CE2,5.37807474846
114,N,OD1,142,F,CZ,5.09857048593
114,N,OD1,142,F,HE2,4.81791822264
114,N,OD1,142,F,HZ,4.23990636689
114,N,OD1,165,S,OG,5.86647244944
114,N,OD1,165,S,HB3,5.67731996632
114,N,OD1,166,Y,CG,5.95431507396
114,N,OD1,166,Y,CD1,4.73512766459
114,N,OD1,166,Y,CE1,3.55607156846
114,N,OD1,166,Y,CE2,5.37542277407
114,N,OD1,166,Y,CZ,3.98724704527
114,N,OD1,166,Y,OH,3.49687088695
114,N,OD1,166,Y,HD1,4.91014185131
114,N,OD1,166,Y,HE1,2.61084698901
114,N,OD1,166,Y,HE2,5.96279674314
114,N,OD1,166,Y,HH,4.33668121955
114,N,OD1,189,Y,CG,5.78016020539
114,N,OD1,189,Y,CD1,4.69221568132
114,N,OD1,189,Y,CD2,5.82370783951
114,N,OD1,189,Y,CE1,3.3565739974
114,N,OD1,189,Y,CE2,4.81023710434
114,N,OD1,189,Y,CZ,3.44308771309
114,N,OD1,189,Y,OH,2.68069599172
114,N,OD1,189,Y,HD1,5.06803206383
114,N,OD1,189,Y,HE1,2.59854536231
114,N,OD1,189,Y,HE2,5.25596356532
114,N,OD1,189,Y,HH,1.70709021437
114,N,OD1,213,H,HE1,5.47622725971
114,N,OD1,213,H,HE2,5.76547387471
114,N,OD1,241,S,HA,5.83826052862
114,N,ND2,142,F,CE1,5.18144941112
114,N,ND2,142,F,CE2,4.90542373297
114,N,ND2,142,F,CZ,4.20151746396
114,N,ND2,142,F,HE1,5.10956984491
114,N,ND2,142,F,HE2,4.60323647014
114,N,ND2,142,F,HZ,3.13836326769
114,N,ND2,166,Y,CG,5.84563888724
114,N,ND2,166,Y,CD1,4.93729662872
114,N,ND2,166,Y,CD2,5.82522909421
114,N,ND2,166,Y,CE1,3.77993875612
114,N,ND2,166,Y,CE2,4.88320222805
114,N,ND2,166,Y,CZ,3.75115035689
114,N,ND2,166,Y,OH,3.19118692652
114,N,ND2,166,Y,HD1,5.3589641723
114,N,ND2,166,Y,HE1,3.30143332509
114,N,ND2,166,Y,HE2,5.27449210825
114,N,ND2,166,Y,HH,3.98789041976
114,N,ND2,189,Y,CE1,5.0529778349
114,N,ND2,189,Y,CZ,5.42707591618
114,N,ND2,189,Y,OH,4.75362398597
114,N,ND2,189,Y,HE1,4.08304739135
114,N,ND2,189,Y,HH,3.80990144229
114,N,ND2,190,Q,OE1,5.84940347386
114,N,HA,142,F,CG,5.28227204903
114,N,HA,142,F,CD1,5.29327223936
114,N,HA,142,F,CD2,4.26202698255
114,N,HA,142,F,CE1,4.29653942144
114,N,HA,142,F,CE2,2.93241078296
114,N,HA,142,F,CZ,2.95713814354
114,N,HA,142,F,HD2,4.71441820377
114,N,HA,142,F,HE1,4.7751863838
114,N,HA,142,F,HE2,2.30772203699
114,N,HA,142,F,HZ,2.37404654546
114,N,HA,166,Y,CG,5.93153310705
114,N,HA,166,Y,CD1,4.93207005222
114,N,HA,166,Y,CE1,4.44281869988
114,N,HA,166,Y,CZ,5.10781499273
114,N,HA,166,Y,OH,5.25562374985
114,N,HA,166,Y,HD1,4.85557288072
114,N,HA,166,Y,HE1,3.9415064379
114,N,HA,189,Y,OH,5.08899852623
114,N,HA,189,Y,HE1,5.62615614785
114,N,HA,189,Y,HH,4.44389896375
114,N,HB2,142,F,CE2,5.88261004997
114,N,HB2,142,F,CZ,5.79392043439
114,N,HB2,142,F,HE2,5.1167084146
114,N,HB2,142,F,HZ,4.93986649617
114,N,HB2,166,Y,CE1,5.9254716268
114,N,HB2,166,Y,OH,5.83833066895
114,N,HB2,166,Y,HE1,5.08994901743
114,N,HB2,189,Y,OH,4.8759878999
114,N,HB2,189,Y,HE1,5.54844059173
114,N,HB2,189,Y,HH,4.1022674218
114,N,HB3,142,F,CE2,5.04213070041
114,N,HB3,142,F,CZ,5.26255346766
114,N,HB3,142,F,HE2,4.13268895515
114,N,HB3,142,F,HZ,4.59477485847
114,N,HB3,166,Y,CD1,5.92374661848
114,N,HB3,166,Y,CE1,5.14099144135
114,N,HB3,166,Y,CZ,5.89970956912
114,N,HB3,166,Y,OH,5.68681158471
114,N,HB3,166,Y,HD1,5.72681875041
114,N,HB3,166,Y,HE1,4.18565908789
114,N,HB3,189,Y,CE1,5.29628029847
114,N,HB3,189,Y,CE2,5.87813856591
114,N,HB3,189,Y,CZ,4.78486123101
114,N,HB3,189,Y,OH,3.50698859422
114,N,HB3,189,Y,HE1,4.8221343822
114,N,HB3,189,Y,HE2,5.88104829091
114,N,HB3,189,Y,HH,2.92666585042
114,N,HD21,142,F,CE1,5.02042717306
114,N,HD21,142,F,CE2,4.84611689913
114,N,HD21,142,F,CZ,4.08751758406
114,N,HD21,142,F,HE1,4.9207959722
114,N,HD21,142,F,HE2,4.59845028243
114,N,HD21,142,F,HZ,3.03210504435
114,N,HD21,166,Y,CD1,5.46524775285
114,N,HD21,166,Y,CE1,4.44520865652
114,N,HD21,166,Y,CE2,5.34291203371
114,N,HD21,166,Y,CZ,4.37763566323
114,N,HD21,166,Y,OH,3.91375663525
114,N,HD21,166,Y,HD1,5.87263841897
114,N,HD21,166,Y,HE1,4.08087674403
114,N,HD21,166,Y,HE2,5.67620559881
114,N,HD21,166,Y,HH,4.65127133158
114,N,HD21,189,Y,OH,5.62348984173
114,N,HD21,189,Y,HE1,5.08188439459
114,N,HD21,189,Y,HH,4.69965488095
114,N,HD22,142,F,CE1,5.14644129472
114,N,HD22,142,F,CE2,5.21787274663
114,N,HD22,142,F,CZ,4.35358025078
114,N,HD22,142,F,HE1,4.92863287332
114,N,HD22,142,F,HE2,5.06268663853
114,N,HD22,142,F,HZ,3.31141933316
114,N,HD22,166,Y,CG,5.36657954381
114,N,HD22,166,Y,CD1,4.57231910522
114,N,HD22,166,Y,CD2,5.17100918584
114,N,HD22,166,Y,CE1,3.30201347665
114,N,HD22,166,Y,CE2,4.09196847495
114,N,HD22,166,Y,CZ,2.97736846897
114,N,HD22,166,Y,OH,2.23746061418
114,N,HD22,166,Y,HD1,5.16389126532
114,N,HD22,166,Y,HE1,2.99685935606
114,N,HD22,166,Y,HE2,4.39607472639
114,N,HD22,166,Y,HH,2.98768539174
114,N,HD22,189,Y,CD1,5.63856754859
114,N,HD22,189,Y,CE1,4.62863576013
114,N,HD22,189,Y,CZ,5.2486002896
114,N,HD22,189,Y,OH,4.82289156005
114,N,HD22,189,Y,HD1,5.58048286441
114,N,HD22,189,Y,HE1,3.59242898329
114,N,HD22,189,Y,HH,3.89670694305
114,N,HD22,190,Q,CD,5.69450384142
114,N,HD22,190,Q,OE1,4.84393011923
114,N,HD22,190,Q,HB3,5.81575283175
114,N,HD22,190,Q,HE22,5.70580248519
114,N,HD22,213,H,HE1,5.96362649736
115,
115,L,N,142,F,CE2,5.83079214172
117,
117,A,HB1,50,N,CG,5.72482532485
117,A,HB2,50,N,HD22,5.91418751816
117,A,HB3,50,N,ND2,5.93373566988
117,A,HB3,50,N,HD21,5.89530745593
117,A,HB3,50,N,HD22,5.81254901055
120,
120,T,OG1,50,N,HB2,5.75815265515
120,T,CG2,47,I,HG21,5.95296514352
120,T,CG2,50,N,HB2,5.72717260086
120,T,HB,47,I,HG21,5.97807034084
120,T,HG1,50,N,CB,5.94972007745
120,T,HG1,50,N,OD1,5.53446971263
120,T,HG1,50,N,HB2,4.95702309859
120,T,HG21,47,I,CG2,5.84015453563
120,T,HG21,47,I,HG21,5.314933866
120,T,HG21,47,I,HG22,5.85458709048
120,T,HG21,47,I,HG23,5.53702049843
120,T,HG21,49,N,O,5.58416591802
120,T,HG21,49,N,HB2,5.90864273755
120,T,HG21,50,N,CB,5.81638831235
120,T,HG21,50,N,HB2,4.88539599214
120,T,HG21,50,N,HB3,5.76961818494
120,T,HG22,50,N,HB2,5.55884322499
120,T,HG23,47,I,HG21,5.52296740892
123,
123,P,N,24,A,HB1,5.01414937951
123,P,CA,24,A,CA,5.97544994122
123,P,CA,24,A,O,5.65735017477
123,P,CA,24,A,CB,5.33283395579
123,P,CA,24,A,HA,5.63409717701
123,P,CA,24,A,HB1,4.30160807141
123,P,CA,24,A,HB2,5.9972055159
123,P,CA,24,A,HB3,5.54321107302
123,P,C,24,A,O,5.76189361235
123,P,C,24,A,CB,5.62978054634
123,P,C,24,A,HA,5.42181869855
123,P,C,24,A,HB1,4.73460674185
123,P,C,24,A,HB3,5.68902276318
123,P,C,27,K,HG2,5.51913254054
123,P,O,24,A,CA,5.99500867389
123,P,O,24,A,O,5.3626760111
123,P,O,24,A,CB,5.90813346159
123,P,O,24,A,HA,5.29286973201
123,P,O,24,A,HB1,5.06675566808
123,P,O,27,K,CG,5.54344522838
123,P,O,27,K,HA,5.21108635507
123,P,O,27,K,HG2,4.46386760556
123,P,O,27,K,HG3,5.84678039608
123,P,CB,24,A,CA,4.68313506105
123,P,CB,24,A,C,4.8144687142
123,P,CB,24,A,O,4.58140120487
123,P,CB,24,A,CB,3.9194007195
123,P,CB,24,A,HA,4.53428241291
123,P,CB,24,A,HB1,2.85385668876
123,P,CB,24,A,HB2,4.50367516591
123,P,CB,24,A,HB3,4.25071135223
123,P,CB,25,N,N,5.71649525496
123,P,CB,25,N,HA,5.91319710478
123,P,CB,27,K,HG2,5.82955392805
123,P,CG,21,T,HA,5.91782367091
123,P,CG,24,A,CA,4.93342740901
123,P,CG,24,A,C,5.43536429322
123,P,CG,24,A,O,5.50521688946
123,P,CG,24,A,CB,3.79693112921
123,P,CG,24,A,HA,4.86973151211
123,P,CG,24,A,HB1,2.89257636027
123,P,CG,24,A,HB2,4.28775582327
123,P,CG,24,A,HB3,3.80659257079
123,P,CD,24,A,CB,5.30781207278
123,P,CD,24,A,HB1,4.39866218298
123,P,CD,24,A,HB2,5.71936333869
123,P,CD,24,A,HB3,5.27519516227
123,P,HA,24,A,O,5.76615807969
123,P,HA,24,A,CB,5.96348404878
123,P,HA,24,A,HB1,4.90061628777
123,P,HA,27,K,HG2,5.75246529759
123,P,HB2,24,A,CA,4.94944986842
123,P,HB2,24,A,C,4.80391683941
123,P,HB2,24,A,O,4.57898777024
123,P,HB2,24,A,CB,4.17426041353
123,P,HB2,24,A,HA,4.99612419782
123,P,HB2,24,A,HB1,3.09594089091
123,P,HB2,24,A,HB2,4.5387242701
123,P,HB2,24,A,HB3,4.7039076309
123,P,HB2,25,N,N,5.50369021657
123,P,HB2,25,N,HA,5.39043968522
123,P,HB3,24,A,N,5.22126938589
123,P,HB3,24,A,CA,3.80729786069
123,P,HB3,24,A,C,3.95048123651
123,P,HB3,24,A,O,3.65146737627
123,P,HB3,24,A,CB,3.31397299325
123,P,HB3,24,A,HA,3.54525062584
123,P,HB3,24,A,HB1,2.31030755528
123,P,HB3,24,A,HB2,4.06141022306
123,P,HB3,24,A,HB3,3.70934010304
123,P,HB3,25,N,N,4.99252371051
123,P,HB3,25,N,CA,5.80910087707
123,P,HB3,25,N,HA,5.35869041838
123,P,HB3,27,K,CG,5.97497255224
123,P,HB3,27,K,HA,5.08457717023
123,P,HB3,27,K,HG2,4.98127292968
123,P,HB3,27,K,HD2,5.57497856498
123,P,HG2,20,E,O,5.86794529627
123,P,HG2,21,T,O,5.93861305357
123,P,HG2,21,T,HA,4.98584085185
123,P,HG2,21,T,HG23,5.10870717501
123,P,HG2,24,A,N,5.76647387924
123,P,HG2,24,A,CA,4.68548716784
123,P,HG2,24,A,C,5.18679583173
123,P,HG2,24,A,O,5.46744775924
123,P,HG2,24,A,CB,3.35406946857
123,P,HG2,24,A,HA,4.8579902223
123,P,HG2,24,A,HB1,2.55446080416
123,P,HG2,24,A,HB2,3.59537981304
123,P,HG2,24,A,HB3,3.42544902166
123,P,HG2,25,N,N,5.82559524856
123,P,HG3,21,T,HA,5.96419357499
123,P,HG3,23,K,HZ1,5.74064369213
123,P,HG3,24,A,N,5.83259607722
123,P,HG3,24,A,CA,4.74166152314
123,P,HG3,24,A,C,5.50409983558
123,P,HG3,24,A,O,5.60757746268
123,P,HG3,24,A,CB,3.67665418553
123,P,HG3,24,A,HA,4.5151320025
123,P,HG3,24,A,HB1,2.94984914869
123,P,HG3,24,A,HB2,4.34398572742
123,P,HG3,24,A,HB3,3.41779768272
123,P,HD2,24,A,CB,5.66874986218
123,P,HD2,24,A,HB1,4.75349692332
123,P,HD2,24,A,HB2,5.89523375279
123,P,HD2,24,A,HB3,5.7530770897
123,P,HD3,24,A,CB,5.75509808778
123,P,HD3,24,A,HB1,4.96972695427
123,P,HD3,24,A,HB3,5.52060549215
124,
124,T,N,24,A,HA,5.88825050418
124,T,CA,23,K,HZ1,5.90843574899
124,T,CB,23,K,HZ1,5.65610289864
124,T,OG1,23,K,HZ1,5.1597779022
124,T,OG1,24,A,HB3,5.91948756228
124,T,CG2,23,K,NZ,5.94273792119
124,T,CG2,23,K,HZ1,5.08237277263
124,T,CG2,23,K,HZ2,5.97371316687
124,T,HA,23,K,NZ,5.9376662082
124,T,HA,23,K,HZ1,5.14359592114
124,T,HA,23,K,HZ3,5.7759883137
124,T,HA,24,A,HA,5.4536420858
124,T,HA,24,A,HB1,5.76109390654
124,T,HA,27,K,HA,5.72057348524
124,T,HA,27,K,HG2,5.97775426059
124,T,HG1,23,K,HZ1,5.98318360073
124,T,HG21,23,K,HZ1,5.30427007231
124,T,HG22,23,K,NZ,4.89469794778
124,T,HG22,23,K,HZ1,4.06406926614
124,T,HG22,23,K,HZ2,4.94455710858
124,T,HG22,23,K,HZ3,5.05973764142
124,T,HG22,28,K,O,5.99362127599
124,T,HG22,29,K,O,5.92475518482
124,T,HG22,29,K,HA,5.47320189651
124,T,HG23,23,K,HZ1,5.80554407442
126,
126,N,CA,27,K,HG2,5.91629326521
126,N,C,27,K,CG,5.58778936611
126,N,C,27,K,HG2,4.89022913574
126,N,C,27,K,HG3,5.15672357219
126,N,O,27,K,CG,5.74763159919
126,N,O,27,K,HG2,5.25395869797
126,N,O,27,K,HG3,5.10114467546
126,N,CB,27,K,HG2,5.65643606876
126,N,HB2,27,K,CG,5.89823210801
126,N,HB2,27,K,HG2,5.19068251774
126,N,HB2,27,K,HG3,5.62210761192
126,N,HB2,27,K,HD3,5.46738456668
126,N,HB3,27,K,HG2,5.19647159138
126,N,HB3,27,K,HD3,5.98799181696
127,
127,A,N,27,K,CB,5.58036307063
127,A,CA,27,K,CA,5.36492087546
127,A,CA,27,K,C,5.97807527554
127,A,CA,27,K,O,5.61603863947
127,A,CA,27,K,CB,4.59885572724
127,A,CA,27,K,CG,4.1556099432
127,A,CA,27,K,CD,5.486919901
127,A,CA,27,K,HA,4.86260115576
127,A,CA,27,K,HB2,3.90471368989
127,A,CA,27,K,HB3,5.43134200728
127,A,CA,27,K,HG2,3.54954095624
127,A,CA,27,K,HG3,3.83020077803
127,A,CA,27,K,HD2,5.95856736137
127,A,CA,27,K,HD3,5.4745765133
127,A,CA,29,K,NZ,5.58633207033
127,A,CA,29,K,HZ1,5.21716215964
127,A,CA,29,K,HZ2,5.44626532589
127,A,CA,29,K,HZ3,5.26795092992
127,A,C,27,K,CB,5.57794460353
127,A,C,27,K,CG,5.3779421715
127,A,C,27,K,HA,5.99492268507
127,A,C,27,K,HB2,4.68969860439
127,A,C,27,K,HG2,4.93313784523
127,A,C,27,K,HG3,4.91183448418
127,A,C,29,K,NZ,5.28605656421
127,A,C,29,K,HZ1,4.77403906561
127,A,C,29,K,HZ2,5.42827431142
127,A,C,29,K,HZ3,4.91153448527
127,A,O,27,K,CB,5.57763569983
127,A,O,27,K,CG,5.51740844963
127,A,O,27,K,HB2,4.62118458839
127,A,O,27,K,HG2,5.3099292839
127,A,O,27,K,HG3,4.89815842945
127,A,O,29,K,NZ,4.90560536529
127,A,O,29,K,HZ1,4.20303568864
127,A,O,29,K,HZ2,5.14043247208
127,A,O,29,K,HZ3,4.71309166047
127,A,CB,24,A,O,5.70517887537
127,A,CB,24,A,HA,5.74238330312
127,A,CB,27,K,N,5.59377225135
127,A,CB,27,K,CA,4.31692587381
127,A,CB,27,K,C,4.78394157573
127,A,CB,27,K,O,4.49532924267
127,A,CB,27,K,CB,3.94055135736
127,A,CB,27,K,CG,3.84424257819
127,A,CB,27,K,CD,5.23701451211
127,A,CB,27,K,HA,3.6755577808
127,A,CB,27,K,HB2,3.2604039627
127,A,CB,27,K,HB3,4.90752615887
127,A,CB,27,K,HG2,3.12983130536
127,A,CB,27,K,HG3,3.90350829383
127,A,CB,27,K,HD2,5.48427041638
127,A,CB,27,K,HD3,5.47167954106
127,A,CB,28,K,N,5.91630374474
127,A,CB,28,K,O,5.99840595492
127,A,CB,29,K,NZ,4.83213503536
127,A,CB,29,K,HG2,5.92828415311
127,A,CB,29,K,HZ1,4.73032409038
127,A,CB,29,K,HZ2,4.5550774966
127,A,CB,29,K,HZ3,4.42977493785
127,A,HA,27,K,CA,5.05800494266
127,A,HA,27,K,C,5.81420278284
127,A,HA,27,K,O,5.49968253629
127,A,HA,27,K,CB,4.03768151295
127,A,HA,27,K,CG,3.44209471107
127,A,HA,27,K,CD,4.73611908634
127,A,HA,27,K,CE,5.7345321518
127,A,HA,27,K,HA,4.72956213618
127,A,HA,27,K,HB2,3.42413711758
127,A,HA,27,K,HB3,4.75495005231
127,A,HA,27,K,HG2,3.0389276069
127,A,HA,27,K,HG3,2.9156543005
127,A,HA,27,K,HD2,5.35746385895
127,A,HA,27,K,HD3,4.68411037445
127,A,HA,27,K,HE2,5.44345928615
127,A,HA,29,K,NZ,5.68299005806
127,A,HA,29,K,HZ1,5.21905939801
127,A,HA,29,K,HZ2,5.45085956524
127,A,HA,29,K,HZ3,5.55506228588
127,A,HB1,24,A,O,5.90299229205
127,A,HB1,24,A,HA,5.90129833172
127,A,HB1,27,K,N,5.21637805378
127,A,HB1,27,K,CA,3.81144552631
127,A,HB1,27,K,C,4.0387400263
127,A,HB1,27,K,O,3.5634888803
127,A,HB1,27,K,CB,3.3966861792
127,A,HB1,27,K,CG,3.6917742347
127,A,HB1,27,K,CD,5.1871700377
127,A,HB1,27,K,HA,3.37605050318
127,A,HB1,27,K,HB2,2.53277357851
127,A,HB1,27,K,HB3,4.26949001638
127,A,HB1,27,K,HG2,3.23815317735
127,A,HB1,27,K,HG3,3.74351559366
127,A,HB1,27,K,HD2,5.48610699859
127,A,HB1,27,K,HD3,5.59758957052
127,A,HB1,28,K,N,5.2319921636
127,A,HB1,28,K,C,5.8768599609
127,A,HB1,28,K,O,5.47808488434
127,A,HB1,29,K,CD,5.89788928346
127,A,HB1,29,K,CE,5.2663102833
127,A,HB1,29,K,NZ,3.79161456374
127,A,HB1,29,K,HA,5.88113432936
127,A,HB1,29,K,HG2,5.14827553653
127,A,HB1,29,K,HD3,5.60709809081
127,A,HB1,29,K,HE2,5.77959522804
127,A,HB1,29,K,HE3,5.76478152231
127,A,HB1,29,K,HZ1,3.70166530092
127,A,HB1,29,K,HZ2,3.4841611616
127,A,HB1,29,K,HZ3,3.48863956292
127,A,HB2,24,A,HA,5.78774273789
127,A,HB2,27,K,CA,5.0071823414
127,A,HB2,27,K,C,5.2874389831
127,A,HB2,27,K,O,4.96274248778
127,A,HB2,27,K,CB,4.86486844632
127,A,HB2,27,K,CG,4.85828992548
127,A,HB2,27,K,HA,4.25108327371
127,A,HB2,27,K,HB2,4.17678800037
127,A,HB2,27,K,HB3,5.85008811899
127,A,HB2,27,K,HG2,4.07485582567
127,A,HB2,27,K,HG3,4.98424447635
127,A,HB2,28,K,O,5.88083888574
127,A,HB2,29,K,NZ,5.03767257769
127,A,HB2,29,K,HG2,5.63377608714
127,A,HB2,29,K,HZ1,5.05141623706
127,A,HB2,29,K,HZ2,4.88038328413
127,A,HB2,29,K,HZ3,4.43464541987
127,A,HB3,24,A,CA,5.76619146404
127,A,HB3,24,A,C,5.6467078019
127,A,HB3,24,A,O,4.66201383524
127,A,HB3,24,A,HA,4.88108522769
127,A,HB3,24,A,HB1,5.8987495285
127,A,HB3,27,K,N,4.87994067587
127,A,HB3,27,K,CA,3.76903409377
127,A,HB3,27,K,C,4.5075507762
127,A,HB3,27,K,O,4.50826241472
127,A,HB3,27,K,CB,3.54387330473
127,A,HB3,27,K,CG,3.24977814627
127,A,HB3,27,K,CD,4.49093286523
127,A,HB3,27,K,CE,5.77777751389
127,A,HB3,27,K,HA,2.99516610558
127,A,HB3,27,K,HB2,3.15251978582
127,A,HB3,27,K,HB3,4.59594582213
127,A,HB3,27,K,HG2,2.35264128162
127,A,HB3,27,K,HG3,3.54005790913
127,A,HB3,27,K,HD2,4.60200575836
127,A,HB3,27,K,HD3,4.71798791859
127,A,HB3,27,K,HE2,5.94212327371
127,A,HB3,27,K,HE3,5.93147570171
127,A,HB3,28,K,N,5.57111595643
127,A,HB3,28,K,O,5.82374458575
127,A,HB3,29,K,NZ,5.46244322625
127,A,HB3,29,K,HZ1,5.44431621051
127,A,HB3,29,K,HZ2,5.00680437005
127,A,HB3,29,K,HZ3,5.13657288472
128,
128,S,N,27,K,HB2,5.85233261187
128,S,CA,29,K,HZ1,5.89246824344
128,S,CA,29,K,HZ3,5.80271970717
128,S,HA,29,K,NZ,5.61132595738
128,S,HA,29,K,HZ1,5.11213047564
128,S,HA,29,K,HZ3,5.0522325758
128,S,HG,29,K,HZ3,5.92503518977
130,
130,L,CA,27,K,HG3,5.97144454885
130,L,CB,27,K,CG,5.57873193477
130,L,CB,27,K,HB2,5.78729306326
130,L,CB,27,K,HG2,5.74825860587
130,L,CB,27,K,HG3,4.52906281696
130,L,CB,27,K,HE2,5.9614524237
130,L,CG,27,K,CG,5.62855345537
130,L,CG,27,K,HB2,5.92089798933
130,L,CG,27,K,HG3,4.53848939626
130,L,CG,27,K,HD3,5.94321344056
130,L,CG,27,K,HE2,5.29524588664
130,L,CD1,27,K,HG3,5.74862522696
130,L,CD2,27,K,CB,5.16377303916
130,L,CD2,27,K,CG,4.43372258943
130,L,CD2,27,K,CD,4.84021735049
130,L,CD2,27,K,CE,4.75660162301
130,L,CD2,27,K,NZ,5.58938243458
130,L,CD2,27,K,HB2,5.0472561853
130,L,CD2,27,K,HB3,4.99579723368
130,L,CD2,27,K,HG2,5.01700916882
130,L,CD2,27,K,HG3,3.37712895815
130,L,CD2,27,K,HD2,5.92135280151
130,L,CD2,27,K,HD3,4.57141662945
130,L,CD2,27,K,HE2,3.79495046081
130,L,CD2,27,K,HE3,5.41138374171
130,L,CD2,27,K,HZ1,5.91787613929
130,L,CD2,27,K,HZ3,5.24181504824
130,L,HB2,27,K,CB,5.43957737329
130,L,HB2,27,K,CG,4.87961371422
130,L,HB2,27,K,CD,5.90066250518
130,L,HB2,27,K,HB2,4.84663481191
130,L,HB2,27,K,HB3,5.67281270623
130,L,HB2,27,K,HG2,5.0056557013
130,L,HB2,27,K,HG3,3.8779383698
130,L,HB2,27,K,HD3,5.7056424704
130,L,HB2,27,K,HE2,5.62793203584
130,L,HB2,29,K,HZ1,5.85244436112
130,L,HB3,27,K,CG,5.50034380744
130,L,HB3,27,K,HG2,5.55515697348
130,L,HB3,27,K,HG3,4.49814873031
130,L,HB3,27,K,HD3,5.68025897297
130,L,HB3,27,K,HE2,5.96268907457
130,L,HG,27,K,CG,5.99855357565
130,L,HG,27,K,HB2,5.94551478007
130,L,HG,27,K,HG3,4.9306767284
130,L,HG,27,K,HE2,5.59829867013
130,L,HD11,27,K,HE2,5.9412429676
130,L,HD12,27,K,HG3,5.77173890608
130,L,HD21,27,K,CB,5.50760365313
130,L,HD21,27,K,CG,4.89421147888
130,L,HD21,27,K,CD,5.08565217057
130,L,HD21,27,K,CE,4.66702571238
130,L,HD21,27,K,NZ,5.35587247794
130,L,HD21,27,K,HB2,5.51204254338
130,L,HD21,27,K,HB3,5.13179169492
130,L,HD21,27,K,HG2,5.6347091318
130,L,HD21,27,K,HG3,3.92206501731
130,L,HD21,27,K,HD3,4.88357389624
130,L,HD21,27,K,HE2,3.61089199506
130,L,HD21,27,K,HE3,5.2804994082
130,L,HD21,27,K,HZ1,5.50590174268
130,L,HD21,27,K,HZ3,5.02528735497
130,L,HD22,27,K,CA,5.7132277217
130,L,HD22,27,K,CB,4.17106904762
130,L,HD22,27,K,CG,3.60044622235
130,L,HD22,27,K,CD,4.2508710872
130,L,HD22,27,K,CE,4.25448163705
130,L,HD22,27,K,NZ,5.31901090429
130,L,HD22,27,K,HB2,3.98247033887
130,L,HD22,27,K,HB3,4.03840203546
130,L,HD22,27,K,HG2,4.2185279423
130,L,HD22,27,K,HG3,2.53672801065
130,L,HD22,27,K,HD2,5.3097553616
130,L,HD22,27,K,HD3,4.18228872748
130,L,HD22,27,K,HE2,3.35698316945
130,L,HD22,27,K,HE3,4.77384300119
130,L,HD22,27,K,HZ1,5.69999464912
130,L,HD22,27,K,HZ3,5.14672653247
130,L,HD23,27,K,CB,5.33353325667
130,L,HD23,27,K,CG,4.31615349588
130,L,HD23,27,K,CD,4.52140431724
130,L,HD23,27,K,CE,4.61679954081
130,L,HD23,27,K,NZ,5.28428169196
130,L,HD23,27,K,HB2,5.33844415537
130,L,HD23,27,K,HB3,5.29656162052
130,L,HD23,27,K,HG2,4.77854224633
130,L,HD23,27,K,HG3,3.31894757416
130,L,HD23,27,K,HD2,5.5702134609
130,L,HD23,27,K,HD3,4.02491155182
130,L,HD23,27,K,HE2,3.77497576151
130,L,HD23,27,K,HE3,5.43850374644
130,L,HD23,27,K,HZ1,5.72658056784
130,L,HD23,27,K,HZ3,4.7811279004
131,
131,T,N,29,K,HZ1,5.68232109265
131,T,CA,29,K,HZ1,5.4530242068
131,T,CB,29,K,CE,5.91358546062
131,T,CB,29,K,NZ,5.28814126135
131,T,CB,29,K,HE2,5.50290268858
131,T,CB,29,K,HZ1,4.38114334392
131,T,CB,29,K,HZ2,5.96299840684
131,T,CB,29,K,HZ3,5.34873545803
131,T,OG1,27,K,HB2,5.42788632895
131,T,OG1,29,K,CE,4.80579004951
131,T,OG1,29,K,NZ,4.02412884983
131,T,OG1,29,K,HE2,4.59128772786
131,T,OG1,29,K,HE3,4.94527936521
131,T,OG1,29,K,HZ1,3.0766540267
131,T,OG1,29,K,HZ2,4.61472306861
131,T,OG1,29,K,HZ3,4.16824111587
131,T,CG2,29,K,CE,5.703973089
131,T,CG2,29,K,NZ,5.46438432031
131,T,CG2,29,K,HE2,5.08348364805
131,T,CG2,29,K,HE3,5.78342502329
131,T,CG2,29,K,HZ1,4.64041646838
131,T,CG2,29,K,HZ3,5.59654509497
131,T,HA,29,K,HZ1,5.4084862947
131,T,HB,29,K,NZ,5.61388359338
131,T,HB,29,K,HE2,5.86366344532
131,T,HB,29,K,HZ1,4.79774968084
131,T,HB,29,K,HZ3,5.47795856136
131,T,HG1,27,K,O,5.93321742396
131,T,HG1,27,K,CB,5.97791008631
131,T,HG1,27,K,HB2,4.94567791107
131,T,HG1,27,K,HG3,5.6434568307
131,T,HG1,29,K,CE,5.17337588041
131,T,HG1,29,K,NZ,4.14754300761
131,T,HG1,29,K,HE2,5.08441963256
131,T,HG1,29,K,HE3,5.39925068875
131,T,HG1,29,K,HZ1,3.2502184542
131,T,HG1,29,K,HZ2,4.60801356335
131,T,HG1,29,K,HZ3,4.17369548482
131,T,HG21,29,K,CE,5.00116396452
131,T,HG21,29,K,NZ,4.87880559154
131,T,HG21,29,K,HE2,4.26271673936
131,T,HG21,29,K,HE3,5.21812083034
131,T,HG21,29,K,HZ1,4.18690207671
131,T,HG21,29,K,HZ2,5.77988979134
131,T,HG21,29,K,HZ3,4.92004441037
131,T,HG22,29,K,CE,5.59107628279
131,T,HG22,29,K,NZ,5.48743883793
131,T,HG22,29,K,HE2,5.04330794221
131,T,HG22,29,K,HE3,5.46449997713
131,T,HG22,29,K,HZ1,4.63350364195
131,T,HG22,29,K,HZ3,5.8080676649
131,T,HG23,29,K,HE2,5.98915762023
131,T,HG23,29,K,HZ1,5.70274793411
165,
165,Q,C,242,A,O,5.37815786306
165,Q,O,242,A,C,5.41065929439
165,Q,O,242,A,O,4.29160878925
165,Q,O,242,A,HB1,5.48694669192
165,Q,O,243,G,HA3,5.42264704734
165,Q,O,244,S,OG,5.93569254595
165,Q,O,244,S,HG,5.32158829674
165,Q,OE1,244,S,HG,5.99821840216
166,
166,M,N,242,A,O,5.71947698658
166,M,CA,242,A,C,5.74673655217
166,M,CA,242,A,O,5.06595726393
166,M,CA,242,A,HA,5.77485973856
166,M,CA,243,G,HA3,5.48224935588
166,M,C,211,W,HZ2,5.69635585265
166,M,C,242,A,CA,5.94631221851
166,M,C,242,A,C,5.02116400847
166,M,C,242,A,O,4.41860272032
166,M,C,242,A,HA,5.48538221093
166,M,C,243,G,N,5.37214835983
166,M,C,243,G,CA,5.17506888843
166,M,C,243,G,C,5.94949056643
166,M,C,243,G,HA2,5.8247002498
166,M,C,243,G,HA3,4.16862147478
166,M,O,211,W,HZ2,5.58131722804
166,M,O,242,A,C,5.82364387647
166,M,O,242,A,O,5.18757149348
166,M,O,243,G,N,5.98222349967
166,M,O,243,G,CA,5.48462888444
166,M,O,243,G,HA3,4.4072001316
166,M,OXT,211,W,CZ2,5.93418368438
166,M,OXT,211,W,HE1,5.99781576909
166,M,OXT,211,W,HZ2,4.88934699116
166,M,OXT,241,S,O,5.62820619736
166,M,OXT,242,A,N,5.88980016639
166,M,OXT,242,A,CA,4.86152661208
166,M,OXT,242,A,C,3.94682429302
166,M,OXT,242,A,O,3.54959518819
166,M,OXT,242,A,CB,5.85100854554
166,M,OXT,242,A,HA,4.42307607893
166,M,OXT,242,A,HB1,5.50183878353
166,M,OXT,243,G,N,4.23507874779
166,M,OXT,243,G,CA,4.18395769577
166,M,OXT,243,G,C,5.1483071004
166,M,OXT,243,G,O,5.58952171478
166,M,OXT,243,G,HA2,4.81731429326
166,M,OXT,243,G,HA3,3.2518380956
166,M,OXT,244,S,N,5.86959913452
166,M,OXT,244,S,HG,5.94033955258
166,M,HA,242,A,CA,5.60359509601
166,M,HA,242,A,C,5.15130362141
166,M,HA,242,A,O,4.50361576958
166,M,HA,242,A,HA,4.92861856913
166,M,HA,242,A,HB1,5.44030339228
166,M,HA,243,G,N,5.94321369294
166,M,HA,243,G,HA3,5.41142957083
