,10977.0,10989.0,10933.0,10964.0,10984.0,10986.0,10954.0,10934.0,10987.0
10977.0,0.0,0.25,0.55,0.5,0.5,0.6,0.4,0.8,0.5
10989.0,0.25,0.0,0.4,0.65,0.3,0.4,0.5,0.55,0.3
10933.0,0.55,0.4,0.0,0.55,0.6,0.75,0.5,0.4,0.45
10964.0,0.5,0.65,0.55,0.0,0.45,0.7,0.3,0.35,0.65
10984.0,0.5,0.3,0.6,0.45,0.0,0.5,0.4,0.45,0.35
10986.0,0.6,0.4,0.75,0.7,0.5,0.0,0.45,0.55,0.3
10954.0,0.4,0.5,0.5,0.3,0.4,0.45,0.0,0.2,0.4
10934.0,0.8,0.55,0.4,0.35,0.45,0.55,0.2,0.0,0.55
10987.0,0.5,0.3,0.45,0.65,0.35,0.3,0.4,0.55,0.0
