 ,model.000.00.pdb,model.000.01.pdb,model.000.02.pdb,model.000.03.pdb,model.000.04.pdb,model.000.05.pdb,model.000.06.pdb,model.000.07.pdb,model.000.08.pdb,model.000.09.pdb,model.000.10.pdb,model.000.11.pdb,model.000.12.pdb,model.000.13.pdb,model.000.14.pdb,model.000.15.pdb,model.000.16.pdb,model.000.17.pdb,model.000.18.pdb,model.000.19.pdb,model.000.20.pdb,model.000.21.pdb,model.000.22.pdb,model.000.23.pdb,model.000.24.pdb,model.000.25.pdb,model.000.26.pdb,model.000.27.pdb,model.000.28.pdb,model.000.29.pdb
model.000.00.pdb,1.000,0.175,0.255,0.500,0.422,0.513,0.340,0.233,0.357,0.500,0.000,0.000,0.314,0.105,0.164,0.052,0.196,0.000,0.228,0.000,0.267,0.625,0.000,0.467,0.400,0.295,0.348,0.208,0.196,0.462
model.000.01.pdb,0.175,1.000,0.254,0.154,0.145,0.121,0.139,0.290,0.043,0.250,0.000,0.179,0.155,0.054,0.295,0.070,0.188,0.000,0.214,0.000,0.241,0.117,0.104,0.227,0.258,0.161,0.203,0.549,0.414,0.143
model.000.02.pdb,0.255,0.254,1.000,0.286,0.246,0.365,0.113,0.720,0.150,0.385,0.000,0.000,0.097,0.389,0.041,0.404,0.039,0.043,0.640,0.125,0.078,0.143,0.246,0.560,0.667,0.605,0.121,0.357,0.612,0.408
model.000.03.pdb,0.500,0.154,0.286,1.000,0.714,0.675,0.471,0.262,0.585,0.581,0.000,0.000,0.364,0.109,0.059,0.078,0.230,0.000,0.238,0.062,0.182,0.429,0.015,0.451,0.449,0.383,0.458,0.180,0.230,0.667
model.000.04.pdb,0.422,0.145,0.246,0.714,1.000,0.651,0.580,0.229,0.605,0.600,0.000,0.000,0.491,0.087,0.056,0.058,0.317,0.029,0.206,0.075,0.232,0.455,0.014,0.393,0.364,0.327,0.542,0.169,0.215,0.533
model.000.05.pdb,0.513,0.121,0.365,0.675,0.651,1.000,0.423,0.328,0.488,0.675,0.000,0.000,0.321,0.148,0.044,0.153,0.213,0.000,0.305,0.047,0.231,0.475,0.048,0.521,0.522,0.455,0.438,0.183,0.254,0.730
model.000.06.pdb,0.340,0.139,0.113,0.471,0.580,0.423,1.000,0.127,0.500,0.364,0.000,0.013,0.745,0.054,0.197,0.013,0.491,0.056,0.090,0.056,0.412,0.457,0.000,0.227,0.200,0.180,0.674,0.129,0.093,0.309
model.000.07.pdb,0.233,0.290,0.720,0.262,0.229,0.328,0.127,1.000,0.145,0.367,0.000,0.012,0.099,0.417,0.075,0.509,0.072,0.079,0.736,0.155,0.097,0.138,0.373,0.467,0.574,0.463,0.151,0.365,0.618,0.339
model.000.08.pdb,0.357,0.043,0.150,0.585,0.605,0.488,0.500,0.145,1.000,0.327,0.000,0.000,0.412,0.097,0.030,0.065,0.241,0.048,0.136,0.102,0.148,0.425,0.000,0.268,0.259,0.240,0.457,0.030,0.091,0.442
model.000.09.pdb,0.500,0.250,0.385,0.581,0.600,0.675,0.364,0.367,0.327,1.000,0.000,0.000,0.293,0.092,0.143,0.078,0.250,0.000,0.300,0.030,0.250,0.463,0.047,0.510,0.479,0.413,0.400,0.333,0.339,0.585
model.000.10.pdb,0.000,0.000,0.000,0.000,0.000,0.000,0.000,0.000,0.000,0.000,1.000,0.047,0.000,0.065,0.000,0.032,0.000,0.145,0.014,0.050,0.000,0.000,0.088,0.000,0.000,0.000,0.000,0.000,0.000,0.000
model.000.11.pdb,0.000,0.179,0.000,0.000,0.000,0.000,0.013,0.012,0.000,0.000,0.047,1.000,0.013,0.000,0.267,0.014,0.097,0.000,0.000,0.000,0.078,0.000,0.014,0.000,0.000,0.000,0.000,0.056,0.053,0.000
model.000.12.pdb,0.314,0.155,0.097,0.364,0.491,0.321,0.745,0.099,0.412,0.293,0.000,0.013,1.000,0.054,0.234,0.013,0.608,0.056,0.076,0.056,0.500,0.426,0.000,0.191,0.147,0.180,0.638,0.129,0.079,0.241
model.000.13.pdb,0.105,0.054,0.389,0.109,0.087,0.148,0.054,0.417,0.097,0.092,0.065,0.000,0.054,1.000,0.000,0.565,0.000,0.092,0.446,0.145,0.000,0.086,0.522,0.262,0.254,0.308,0.058,0.087,0.279,0.153
model.000.14.pdb,0.164,0.295,0.041,0.059,0.056,0.044,0.197,0.075,0.030,0.143,0.000,0.267,0.234,0.000,1.000,0.000,0.411,0.000,0.038,0.000,0.408,0.185,0.000,0.068,0.056,0.015,0.233,0.288,0.068,0.030
model.000.15.pdb,0.052,0.070,0.404,0.078,0.058,0.153,0.013,0.509,0.065,0.078,0.032,0.014,0.013,0.565,0.000,1.000,0.000,0.095,0.549,0.211,0.000,0.034,0.581,0.271,0.263,0.294,0.014,0.123,0.310,0.158
model.000.16.pdb,0.196,0.188,0.039,0.230,0.317,0.213,0.491,0.072,0.241,0.250,0.000,0.097,0.608,0.000,0.411,0.000,1.000,0.027,0.049,0.014,0.636,0.264,0.000,0.125,0.068,0.108,0.540,0.162,0.051,0.143
model.000.17.pdb,0.000,0.000,0.043,0.000,0.029,0.000,0.056,0.079,0.048,0.000,0.145,0.000,0.056,0.092,0.000,0.095,0.027,1.000,0.068,0.511,0.000,0.000,0.063,0.028,0.000,0.032,0.014,0.000,0.014,0.000
model.000.18.pdb,0.228,0.214,0.640,0.238,0.206,0.305,0.090,0.736,0.136,0.300,0.014,0.000,0.076,0.446,0.038,0.549,0.049,0.068,1.000,0.164,0.056,0.129,0.375,0.500,0.528,0.500,0.111,0.323,0.545,0.364
model.000.19.pdb,0.000,0.000,0.125,0.062,0.075,0.047,0.056,0.155,0.102,0.030,0.050,0.000,0.056,0.145,0.000,0.211,0.014,0.511,0.164,1.000,0.000,0.000,0.136,0.088,0.076,0.102,0.014,0.029,0.071,0.066
model.000.20.pdb,0.267,0.241,0.078,0.182,0.232,0.231,0.412,0.097,0.148,0.250,0.000,0.078,0.500,0.000,0.408,0.000,0.636,0.000,0.056,0.000,1.000,0.295,0.000,0.164,0.115,0.107,0.489,0.190,0.091,0.107
model.000.21.pdb,0.625,0.117,0.143,0.429,0.455,0.475,0.457,0.138,0.425,0.463,0.000,0.000,0.426,0.086,0.185,0.034,0.264,0.000,0.129,0.000,0.295,1.000,0.000,0.347,0.260,0.213,0.409,0.143,0.117,0.390
model.000.22.pdb,0.000,0.104,0.246,0.015,0.014,0.048,0.000,0.373,0.000,0.047,0.088,0.014,0.000,0.522,0.000,0.581,0.000,0.063,0.375,0.136,0.000,0.000,1.000,0.177,0.186,0.185,0.000,0.145,0.345,0.049
model.000.23.pdb,0.467,0.227,0.560,0.451,0.393,0.521,0.227,0.467,0.268,0.510,0.000,0.000,0.191,0.262,0.068,0.271,0.125,0.028,0.500,0.088,0.164,0.347,0.177,1.000,0.674,0.578,0.226,0.393,0.446,0.511
model.000.24.pdb,0.400,0.258,0.667,0.449,0.364,0.522,0.200,0.574,0.259,0.479,0.000,0.000,0.147,0.254,0.056,0.263,0.068,0.000,0.528,0.076,0.115,0.260,0.186,0.674,1.000,0.581,0.217,0.415,0.529,0.581
model.000.25.pdb,0.295,0.161,0.605,0.383,0.327,0.455,0.180,0.463,0.240,0.413,0.000,0.000,0.180,0.308,0.015,0.294,0.108,0.032,0.500,0.102,0.107,0.213,0.185,0.578,0.581,1.000,0.218,0.278,0.412,0.512
model.000.26.pdb,0.348,0.203,0.121,0.458,0.542,0.438,0.674,0.151,0.457,0.400,0.000,0.000,0.638,0.058,0.233,0.014,0.540,0.014,0.111,0.014,0.489,0.409,0.000,0.226,0.217,0.218,1.000,0.175,0.116,0.314
model.000.27.pdb,0.208,0.549,0.357,0.180,0.169,0.183,0.129,0.365,0.030,0.333,0.000,0.056,0.129,0.087,0.288,0.123,0.162,0.000,0.323,0.029,0.190,0.143,0.145,0.393,0.415,0.278,0.175,1.000,0.463,0.232
model.000.28.pdb,0.196,0.414,0.612,0.230,0.215,0.254,0.093,0.618,0.091,0.339,0.000,0.053,0.079,0.279,0.068,0.310,0.051,0.014,0.545,0.071,0.091,0.117,0.345,0.446,0.529,0.412,0.116,0.463,1.000,0.286
model.000.29.pdb,0.462,0.143,0.408,0.667,0.533,0.730,0.309,0.339,0.442,0.585,0.000,0.000,0.241,0.153,0.030,0.158,0.143,0.000,0.364,0.066,0.107,0.390,0.049,0.511,0.581,0.512,0.314,0.232,0.286,1.000
