1266,1268,Common_Epitopes
model.000.00.pdb,model.000.00.pdb,No common_epitopes
model.000.00.pdb,model.000.01.pdb,138L,145E,35E,141L,34E,10K,140C,6D,9C,5V,3V,4T,7T,36T,139K,142K,8V,14L,33N,2K
model.000.00.pdb,model.000.02.pdb,104S,110G,141L,136C,5V,3V,102D,109T,135K,7T,105N,20H,16Q,101L,139K,107V,4T,137S,111V,19G,103T,2K,6D,126N,21L,108K
model.000.00.pdb,model.000.03.pdb,20H,23C
model.000.00.pdb,model.000.04.pdb,14L
model.000.00.pdb,model.000.05.pdb,104S,110G,35E,34E,10K,107V,33N,101L,3V,23C,102D,7T,103T,109T,20H,36T,19G,108K,21L,105N,2K
model.000.00.pdb,model.000.06.pdb,No common_epitopes
model.000.00.pdb,model.000.07.pdb,No common_epitopes
model.000.00.pdb,model.000.08.pdb,104S,10K,35E,6D,34E,107V,108K,4T,33N,101L,3V,102D,7T,103T,20H,36T,8V,105N,2K
model.000.00.pdb,model.000.09.pdb,104S,110G,141L,136C,5V,3V,102D,109T,138L,135K,7T,103T,20H,16Q,139K,107V,4T,137S,111V,19G,105N,2K,6D,108K,21L,8V
model.000.00.pdb,model.000.10.pdb,104S,110G,136C,5V,3V,102D,109T,135K,7T,105N,20H,16Q,101L,34E,139K,107V,4T,137S,111V,19G,103T,2K,6D,126N,21L,108K
model.000.00.pdb,model.000.11.pdb,No common_epitopes
model.000.00.pdb,model.000.12.pdb,10K,36T,136C,23C
model.000.00.pdb,model.000.13.pdb,104S,109T,35E,6D,34E,10K,107V,108K,33N,101L,3V,102D,7T,103T,20H,36T,8V,105N,2K
model.000.00.pdb,model.000.14.pdb,104S,110G,107V,126N,111V,101L,102D,105N,109T,20H,21L,108K,19G,103T,2K
model.000.00.pdb,model.000.15.pdb,No common_epitopes
model.000.00.pdb,model.000.16.pdb,138L,145E,141L,10K,140C,9C,139K,14L,8V,142K
model.000.00.pdb,model.000.17.pdb,104S,136C,5V,3V,102D,109T,135K,7T,105N,20H,16Q,101L,34E,139K,107V,4T,137S,111V,19G,103T,2K,6D,126N,21L
model.000.00.pdb,model.000.18.pdb,20H,23C,34E
model.000.00.pdb,model.000.19.pdb,104S,35E,5V,3V,102D,10K,7T,105N,20H,101L,34E,139K,107V,4T,137S,36T,103T,2K,6D,108K,33N,21L,8V
model.000.00.pdb,model.000.20.pdb,126N,16Q,23C
model.000.00.pdb,model.000.21.pdb,104S,138L,35E,136C,5V,3V,102D,109T,10K,9C,135K,7T,103T,20H,16Q,101L,34E,139K,107V,4T,137S,36T,19G,105N,2K,6D,108K,23C,33N,21L,8V
model.000.00.pdb,model.000.22.pdb,104S,110G,136C,5V,3V,102D,109T,135K,7T,105N,20H,16Q,101L,139K,107V,4T,137S,111V,19G,103T,2K,6D,126N,21L,108K
model.000.00.pdb,model.000.23.pdb,20H
model.000.00.pdb,model.000.24.pdb,145E,10K,9C,36T,142K,14L
model.000.00.pdb,model.000.25.pdb,No common_epitopes
model.000.00.pdb,model.000.26.pdb,No common_epitopes
model.000.00.pdb,model.000.27.pdb,No common_epitopes
model.000.00.pdb,model.000.28.pdb,No common_epitopes
model.000.00.pdb,model.000.29.pdb,145E,142K,23C
model.000.01.pdb,model.000.00.pdb,29L,82N,53C,43K,151D,41V,24K,96N,94C,54G,26E,30V,115N,47K,44C,71C,42L,81N,69Y,40K,28D,97G,52P,79M,95G,57S,25C,27N,55D,45D,70A
model.000.01.pdb,model.000.01.pdb,38E,39E,26E,27N,11R,164I,13F
model.000.01.pdb,model.000.02.pdb,No common_epitopes
model.000.01.pdb,model.000.03.pdb,29L,82N,53C,151D,24K,96N,94C,42L,30V,115N,71C,54G,81N,69Y,40K,28D,97G,79M,95G,57S,25C,27N,55D,70A
model.000.01.pdb,model.000.04.pdb,29L,82N,53C,43K,151D,41V,24K,164I,54G,38E,26E,30V,115N,44C,71C,42L,81N,40K,28D,163I,79M,13F,39E,57S,25C,27N,59C,11R,55D
model.000.01.pdb,model.000.05.pdb,No common_epitopes
model.000.01.pdb,model.000.06.pdb,29L,42L,26E,151D,11R,40K,28D,24K,97G,39E,115N,27N,25C,163I,96N,164I,95G,13F
model.000.01.pdb,model.000.07.pdb,29L,82N,53C,43K,151D,51K,41V,24K,164I,54G,38E,26E,30V,47K,44C,48T,71C,42L,81N,40K,28D,52P,163I,79M,13F,39E,57S,25C,27N,59C,11R,55D,70A
model.000.01.pdb,model.000.08.pdb,57S,51K,71C,59C,70A
model.000.01.pdb,model.000.09.pdb,No common_epitopes
model.000.01.pdb,model.000.10.pdb,94C
model.000.01.pdb,model.000.11.pdb,29L,82N,42L,26E,79M,151D,40K,28D,30V,81N,97G,27N,115N,24K,55D,163I,96N,164I,94C,95G
model.000.01.pdb,model.000.12.pdb,29L,82N,53C,43K,151D,24K,96N,164I,54G,38E,26E,30V,115N,42L,81N,40K,28D,97G,163I,79M,95G,13F,57S,25C,27N,11R,55D
model.000.01.pdb,model.000.13.pdb,79M,52P,38E
model.000.01.pdb,model.000.14.pdb,No common_epitopes
model.000.01.pdb,model.000.15.pdb,29L,82N,53C,43K,47K,41V,24K,164I,54G,38E,26E,30V,151D,44C,48T,71C,42L,81N,40K,28D,163I,79M,13F,39E,57S,27N,11R,55D,45D
model.000.01.pdb,model.000.16.pdb,29L,38E,26E,51K,24K,28D,39E,41V,27N,11R,163I,164I,13F
model.000.01.pdb,model.000.17.pdb,No common_epitopes
model.000.01.pdb,model.000.18.pdb,29L,82N,53C,151D,41V,24K,96N,94C,42L,26E,30V,115N,71C,54G,81N,40K,28D,97G,79M,95G,13F,57S,25C,27N,55D
model.000.01.pdb,model.000.19.pdb,51K,52P,38E,11R
model.000.01.pdb,model.000.20.pdb,29L,82N,53C,43K,151D,24K,96N,94C,54G,26E,30V,115N,71C,42L,81N,40K,28D,97G,79M,95G,13F,27N,55D
model.000.01.pdb,model.000.21.pdb,No common_epitopes
model.000.01.pdb,model.000.22.pdb,No common_epitopes
model.000.01.pdb,model.000.23.pdb,29L,82N,53C,151D,51K,41V,24K,96N,164I,42L,38E,26E,30V,115N,71C,54G,81N,40K,28D,97G,163I,95G,13F,39E,25C,27N,11R,55D
model.000.01.pdb,model.000.24.pdb,51K,43K,26E,47K,13F,11R,40K,29L,27N,28D,39E,41V,42L,163I,52P,48T,164I,38E
model.000.01.pdb,model.000.25.pdb,29L,82N,53C,43K,151D,24K,96N,94C,54G,26E,30V,115N,44C,71C,42L,81N,69Y,40K,28D,97G,79M,95G,57S,25C,27N,59C,55D,45D,70A
model.000.01.pdb,model.000.26.pdb,29L,82N,53C,43K,81N,79M,151D,40K,28D,30V,97G,27N,41V,115N,24K,44C,55D,96N,94C,95G,42L
model.000.01.pdb,model.000.27.pdb,29L,82N,53C,43K,47K,51K,41V,54G,38E,26E,30V,44C,48T,71C,42L,69Y,40K,28D,79M,39E,57S,25C,27N,59C,11R,55D,45D,70A
model.000.01.pdb,model.000.28.pdb,82N,53C,54G,81N,57S,69Y,44C,55D,79M,71C,70A
model.000.01.pdb,model.000.29.pdb,29L,82N,53C,151D,24K,96N,164I,42L,26E,30V,115N,44C,71C,54G,81N,40K,28D,97G,163I,79M,95G,13F,39E,57S,25C,27N,11R,55D
model.000.02.pdb,model.000.00.pdb,56F
model.000.02.pdb,model.000.01.pdb,10K,35E,139K,34E,4T,5V,3V,7T,32V,6D,36T,8V,33N,2K
model.000.02.pdb,model.000.02.pdb,104S,101L,139K,100I,107V,106P,4T,5V,3V,102D,7T,103T,109T,6D,20H,21L,108K,105N,2K
model.000.02.pdb,model.000.03.pdb,20H,56F
model.000.02.pdb,model.000.04.pdb,56F
model.000.02.pdb,model.000.05.pdb,104S,50N,35E,100I,86P,3V,102D,109T,10K,77Y,7T,103T,106P,20H,58K,56F,75L,101L,34E,107V,87N,32V,36T,105N,2K,33N,21L,108K,76G,74N
model.000.02.pdb,model.000.06.pdb,No common_epitopes
model.000.02.pdb,model.000.07.pdb,58K
model.000.02.pdb,model.000.08.pdb,104S,50N,35E,100I,86P,3V,102D,10K,77Y,7T,103T,106P,20H,58K,56F,75L,101L,34E,107V,4T,87N,32V,36T,105N,2K,6D,8V,33N,108K,76G,74N
model.000.02.pdb,model.000.09.pdb,104S,109T,139K,100I,107V,6D,4T,5V,3V,102D,7T,105N,108K,20H,21L,8V,103T,2K
model.000.02.pdb,model.000.10.pdb,104S,101L,139K,100I,34E,107V,106P,4T,5V,3V,102D,7T,103T,109T,6D,20H,21L,108K,105N,2K
model.000.02.pdb,model.000.11.pdb,No common_epitopes
model.000.02.pdb,model.000.12.pdb,10K,36T,32V,56F
model.000.02.pdb,model.000.13.pdb,104S,50N,35E,100I,86P,3V,102D,109T,10K,77Y,7T,103T,106P,20H,58K,56F,75L,101L,34E,107V,87N,32V,36T,105N,2K,6D,8V,33N,108K,76G,74N
model.000.02.pdb,model.000.14.pdb,104S,109T,100I,107V,106P,101L,102D,105N,20H,21L,108K,103T,2K
model.000.02.pdb,model.000.15.pdb,No common_epitopes
model.000.02.pdb,model.000.16.pdb,10K,139K,8V
model.000.02.pdb,model.000.17.pdb,104S,101L,139K,100I,34E,107V,106P,4T,5V,77Y,3V,102D,7T,103T,109T,6D,20H,21L,105N,2K
model.000.02.pdb,model.000.18.pdb,20H,74N,58K,56F,34E
model.000.02.pdb,model.000.19.pdb,104S,50N,35E,86P,5V,3V,102D,10K,77Y,7T,103T,106P,20H,58K,56F,75L,101L,34E,139K,107V,4T,87N,32V,36T,105N,2K,6D,8V,33N,21L,108K,76G,74N
model.000.02.pdb,model.000.20.pdb,56F
model.000.02.pdb,model.000.21.pdb,104S,35E,100I,86P,5V,3V,102D,109T,10K,77Y,7T,103T,106P,20H,56F,75L,101L,34E,139K,107V,4T,87N,32V,36T,105N,2K,6D,8V,33N,21L,108K,76G,74N
model.000.02.pdb,model.000.22.pdb,104S,101L,139K,100I,107V,106P,4T,5V,3V,102D,7T,103T,109T,6D,20H,21L,108K,105N,2K
model.000.02.pdb,model.000.23.pdb,20H
model.000.02.pdb,model.000.24.pdb,10K,36T,58K
model.000.02.pdb,model.000.25.pdb,32V,58K,56F
model.000.02.pdb,model.000.26.pdb,77Y
model.000.02.pdb,model.000.27.pdb,74N,58K,56F
model.000.02.pdb,model.000.28.pdb,87N,77Y,76G,74N,75L
model.000.02.pdb,model.000.29.pdb,No common_epitopes
model.000.03.pdb,model.000.00.pdb,29L,27N,26E
model.000.03.pdb,model.000.01.pdb,145E,141L,5V,170C,164I,10K,26E,12G,9C,7T,14L,139K,171T,140C,4T,169I,142K,6D,13F,39E,27N,143E,11R,8V
model.000.03.pdb,model.000.02.pdb,6D,4T,5V,141L,7T,139K
model.000.03.pdb,model.000.03.pdb,29L,27N
model.000.03.pdb,model.000.04.pdb,29L,13F,26E,171T,11R,159K,169I,39E,162F,27N,172G,163I,14L,164I,158C
model.000.03.pdb,model.000.05.pdb,10K,7T
model.000.03.pdb,model.000.06.pdb,29L,13F,26E,12G,171T,159K,11R,39E,162F,27N,172G,163I,164I,158C
model.000.03.pdb,model.000.07.pdb,29L,13F,26E,27N,169I,39E,170C,11R,163I,164I
model.000.03.pdb,model.000.08.pdb,10K,4T,7T,6D,8V
model.000.03.pdb,model.000.09.pdb,6D,4T,5V,141L,7T,139K,8V
model.000.03.pdb,model.000.10.pdb,6D,4T,5V,139K,7T
model.000.03.pdb,model.000.11.pdb,29L,26E,159K,27N,170C,162F,158C,163I,164I
model.000.03.pdb,model.000.12.pdb,10K,29L,13F,26E,11R,159K,27N,170C,162F,158C,163I,164I
model.000.03.pdb,model.000.13.pdb,10K,7T,6D,8V
model.000.03.pdb,model.000.14.pdb,No common_epitopes
model.000.03.pdb,model.000.15.pdb,29L,13F,26E,27N,39E,162F,11R,163I,164I
model.000.03.pdb,model.000.16.pdb,145E,29L,141L,170C,164I,10K,26E,12G,9C,159K,14L,139K,171T,140C,169I,144Q,163I,142K,13F,39E,27N,143E,11R,8V
model.000.03.pdb,model.000.17.pdb,6D,4T,5V,139K,7T
model.000.03.pdb,model.000.18.pdb,27N,29L,13F,26E
model.000.03.pdb,model.000.19.pdb,10K,6D,4T,5V,7T,11R,139K,8V
model.000.03.pdb,model.000.20.pdb,27N,29L,13F,26E
model.000.03.pdb,model.000.21.pdb,10K,139K,4T,5V,7T,6D,8V,9C
model.000.03.pdb,model.000.22.pdb,6D,4T,5V,139K,7T
model.000.03.pdb,model.000.23.pdb,29L,13F,26E,11R,159K,39E,170C,162F,27N,158C,163I,164I
model.000.03.pdb,model.000.24.pdb,145E,29L,13F,26E,10K,9C,12G,171T,169I,39E,170C,143E,27N,144Q,11R,163I,14L,164I,142K
model.000.03.pdb,model.000.25.pdb,29L,27N,26E
model.000.03.pdb,model.000.26.pdb,29L,27N
model.000.03.pdb,model.000.27.pdb,27N,29L,39E,26E,11R
model.000.03.pdb,model.000.28.pdb,No common_epitopes
model.000.03.pdb,model.000.29.pdb,145E,29L,13F,26E,11R,27N,39E,170C,158C,163I,142K,164I
model.000.04.pdb,model.000.00.pdb,29L,82N,53C,43K,26E,47K,31L,40K,28D,30V,81N,27N,41V,24K,151D,55D,83V,71C,25C,54G,42L
model.000.04.pdb,model.000.01.pdb,13F,26E,171T,156C,27N,169I,39E,170C,11R,164I
model.000.04.pdb,model.000.02.pdb,No common_epitopes
model.000.04.pdb,model.000.03.pdb,29L,152G,53C,42L,81N,151D,31L,40K,28D,30V,27N,82N,150V,24K,25C,55D,83V,71C,54G
model.000.04.pdb,model.000.04.pdb,29L,82N,53C,43K,151D,157D,41V,24K,161G,172G,155K,164I,160D,42L,31L,26E,30V,71C,83V,54G,81N,171T,156C,40K,28D,169I,150V,158C,13F,39E,25C,163I,27N,11R,55D,162F
model.000.04.pdb,model.000.05.pdb,31L
model.000.04.pdb,model.000.06.pdb,29L,151D,157D,162F,161G,172G,155K,164I,160D,26E,24K,152G,42L,171T,156C,40K,28D,150V,163I,158C,13F,39E,25C,27N,11R
model.000.04.pdb,model.000.07.pdb,29L,82N,53C,43K,47K,41V,170C,24K,164I,42L,26E,30V,151D,71C,152G,83V,54G,81N,31L,40K,28D,169I,163I,13F,39E,25C,27N,11R,55D
model.000.04.pdb,model.000.08.pdb,71C
model.000.04.pdb,model.000.09.pdb,No common_epitopes
model.000.04.pdb,model.000.10.pdb,No common_epitopes
model.000.04.pdb,model.000.11.pdb,29L,82N,151D,157D,161G,170C,24K,158C,155K,164I,160D,26E,30V,152G,83V,42L,81N,156C,40K,28D,150V,163I,27N,55D,162F
model.000.04.pdb,model.000.12.pdb,29L,82N,53C,43K,151D,157D,170C,24K,161G,155K,164I,160D,42L,31L,26E,30V,152G,83V,54G,81N,156C,40K,28D,150V,158C,13F,25C,163I,27N,11R,55D,162F
model.000.04.pdb,model.000.13.pdb,31L
model.000.04.pdb,model.000.14.pdb,No common_epitopes
model.000.04.pdb,model.000.15.pdb,29L,82N,53C,43K,47K,157D,41V,162F,155K,164I,54G,26E,30V,151D,71C,152G,83V,42L,81N,31L,40K,28D,150V,163I,13F,39E,27N,11R,55D,24K
model.000.04.pdb,model.000.16.pdb,29L,13F,26E,171T,156C,28D,24K,169I,39E,41V,170C,27N,11R,163I,164I
model.000.04.pdb,model.000.17.pdb,No common_epitopes
model.000.04.pdb,model.000.18.pdb,29L,82N,53C,151D,41V,24K,155K,54G,26E,30V,71C,152G,83V,42L,81N,40K,28D,150V,13F,25C,27N,31L,55D
model.000.04.pdb,model.000.19.pdb,31L,11R
model.000.04.pdb,model.000.20.pdb,29L,82N,53C,43K,151D,24K,155K,42L,26E,30V,71C,152G,83V,54G,81N,156C,40K,28D,150V,13F,27N,31L,55D
model.000.04.pdb,model.000.21.pdb,No common_epitopes
model.000.04.pdb,model.000.22.pdb,No common_epitopes
model.000.04.pdb,model.000.23.pdb,29L,82N,53C,151D,157D,41V,170C,24K,161G,155K,164I,160D,54G,26E,30V,71C,152G,83V,42L,81N,156C,40K,28D,150V,158C,13F,39E,25C,163I,27N,11R,55D,162F
model.000.04.pdb,model.000.24.pdb,29L,43K,26E,171T,47K,13F,40K,28D,27N,169I,39E,41V,170C,11R,163I,164I,42L
model.000.04.pdb,model.000.25.pdb,29L,152G,53C,43K,26E,151D,31L,40K,28D,30V,81N,27N,82N,150V,24K,25C,55D,83V,71C,54G,42L
model.000.04.pdb,model.000.26.pdb,29L,82N,53C,43K,81N,151D,40K,28D,30V,27N,41V,152G,150V,24K,31L,55D,83V,42L
model.000.04.pdb,model.000.27.pdb,29L,82N,53C,43K,26E,47K,31L,40K,28D,30V,39E,41V,27N,11R,55D,83V,71C,25C,54G,42L
model.000.04.pdb,model.000.28.pdb,82N,83V,54G,81N,55D,53C,71C
model.000.04.pdb,model.000.29.pdb,29L,82N,53C,151D,157D,170C,24K,161G,155K,164I,160D,54G,31L,26E,30V,71C,152G,83V,42L,81N,156C,40K,28D,150V,158C,13F,39E,25C,163I,27N,11R,55D
model.000.05.pdb,model.000.00.pdb,113S,17M
model.000.05.pdb,model.000.01.pdb,138L,145E,35E,156C,141L,34E,140C,6D,4T,5V,3V,7T,139K,142K,33N,2K
model.000.05.pdb,model.000.02.pdb,104S,141L,136C,100I,5V,3V,102D,109T,135K,7T,103T,133E,20H,16Q,132G,101L,139K,4T,154Y,18S,137S,111V,19G,105N,2K,122V,17M,6D,134T,120P,126N,21L,130K
model.000.05.pdb,model.000.03.pdb,20H,17M
model.000.05.pdb,model.000.04.pdb,156C,159K,154Y
model.000.05.pdb,model.000.05.pdb,104S,101L,35E,100I,34E,33N,3V,102D,7T,103T,109T,20H,19G,21L,105N,2K
model.000.05.pdb,model.000.06.pdb,156C,134T,159K,154Y,118K,133E,146T,116I
model.000.05.pdb,model.000.07.pdb,No common_epitopes
model.000.05.pdb,model.000.08.pdb,104S,101L,35E,6D,100I,34E,4T,33N,3V,102D,7T,103T,20H,105N,2K
model.000.05.pdb,model.000.09.pdb,104S,138L,141L,136C,100I,5V,3V,102D,109T,113S,135K,7T,105N,133E,20H,16Q,139K,4T,154Y,18S,137S,111V,19G,103T,2K,17M,6D,134T,132G,21L
model.000.05.pdb,model.000.10.pdb,104S,136C,100I,5V,3V,102D,118K,128C,109T,113S,135K,7T,105N,133E,20H,121N,16Q,126N,101L,34E,139K,4T,119V,18S,137S,111V,21L,103T,2K,122V,17M,6D,134T,120P,132G,19G,112C,130K
model.000.05.pdb,model.000.11.pdb,17M,114C,113S,156C,159K,18S,118K,128C,146T,130K,121N,116I,132G
model.000.05.pdb,model.000.12.pdb,147C,17M,136C,114C,113S,156C,134T,159K,154Y,18S,118K,133E,146T,116I,132G
model.000.05.pdb,model.000.13.pdb,104S,109T,35E,6D,100I,34E,33N,101L,3V,102D,7T,103T,20H,105N,2K
model.000.05.pdb,model.000.14.pdb,104S,100I,102D,109T,113S,103T,20H,121N,101L,119V,18S,111V,19G,105N,2K,122V,120P,114C,126N,21L,112C,130K
model.000.05.pdb,model.000.15.pdb,No common_epitopes
model.000.05.pdb,model.000.16.pdb,138L,145E,139K,140C,156C,159K,144Q,141L,142K
model.000.05.pdb,model.000.17.pdb,104S,136C,100I,5V,3V,102D,118K,109T,113S,135K,7T,105N,133E,20H,121N,16Q,132G,101L,34E,139K,4T,119V,18S,137S,111V,154Y,19G,103T,2K,122V,17M,6D,134T,120P,114C,126N,21L,112C,130K
model.000.05.pdb,model.000.18.pdb,34E,17M,114C,113S,18S,128C,20H,116I
model.000.05.pdb,model.000.19.pdb,104S,101L,35E,139K,34E,6D,4T,5V,33N,3V,102D,137S,7T,105N,20H,21L,103T,2K
model.000.05.pdb,model.000.20.pdb,17M,116I,126N,156C,154Y,132G,128C,121N,16Q,118K
model.000.05.pdb,model.000.21.pdb,104S,138L,35E,136C,100I,5V,3V,102D,109T,135K,7T,103T,20H,16Q,101L,34E,139K,4T,18S,137S,19G,105N,2K,6D,33N,21L
model.000.05.pdb,model.000.22.pdb,104S,136C,100I,5V,3V,102D,118K,109T,113S,135K,7T,103T,133E,20H,121N,16Q,126N,101L,139K,4T,119V,18S,137S,111V,154Y,19G,105N,2K,122V,17M,6D,134T,120P,114C,132G,21L,112C,130K
model.000.05.pdb,model.000.23.pdb,17M,156C,159K,154Y,118K,20H,116I
model.000.05.pdb,model.000.24.pdb,145E,142K,144Q
model.000.05.pdb,model.000.25.pdb,17M,112C,118K,128C,116I
model.000.05.pdb,model.000.26.pdb,17M,113S,154Y,114C,128C,116I
model.000.05.pdb,model.000.27.pdb,No common_epitopes
model.000.05.pdb,model.000.28.pdb,No common_epitopes
model.000.05.pdb,model.000.29.pdb,145E,114C,156C,18S,118K,146T,142K,130K,116I,132G
model.000.06.pdb,model.000.00.pdb,113S,17M
model.000.06.pdb,model.000.01.pdb,6D,4T,5V,139K,3V
model.000.06.pdb,model.000.02.pdb,136C,100I,5V,3V,102D,135K,133E,20H,16Q,132G,139K,4T,154Y,18S,137S,111V,19G,122V,17M,6D,134T,120P,126N,21L,130K
model.000.06.pdb,model.000.03.pdb,20H,17M
model.000.06.pdb,model.000.04.pdb,154Y
model.000.06.pdb,model.000.05.pdb,100I,3V,102D,20H,19G,21L
model.000.06.pdb,model.000.06.pdb,134T,154Y,117G,118K,133E,116I
model.000.06.pdb,model.000.07.pdb,No common_epitopes
model.000.06.pdb,model.000.08.pdb,6D,100I,4T,3V,102D,20H
model.000.06.pdb,model.000.09.pdb,136C,100I,5V,3V,102D,113S,135K,133E,20H,16Q,139K,4T,154Y,18S,137S,111V,19G,17M,6D,134T,132G,21L
model.000.06.pdb,model.000.10.pdb,136C,100I,5V,3V,102D,118K,128C,117G,123Q,113S,135K,131D,133E,20H,121N,16Q,126N,139K,4T,119V,18S,137S,111V,21L,122V,17M,6D,134T,120P,125Q,132G,19G,112C,130K
model.000.06.pdb,model.000.11.pdb,17M,114C,113S,117G,18S,131D,118K,128C,125Q,130K,121N,116I,132G
model.000.06.pdb,model.000.12.pdb,17M,136C,114C,113S,134T,154Y,117G,18S,131D,118K,133E,116I,132G
model.000.06.pdb,model.000.13.pdb,102D,6D,3V,100I,20H
model.000.06.pdb,model.000.14.pdb,122V,123Q,100I,18S,113S,125Q,130K,120P,119V,102D,131D,114C,111V,20H,21L,112C,121N,19G,126N
model.000.06.pdb,model.000.15.pdb,No common_epitopes
model.000.06.pdb,model.000.16.pdb,139K
model.000.06.pdb,model.000.17.pdb,136C,100I,5V,3V,102D,118K,123Q,113S,135K,133E,20H,121N,16Q,126N,139K,4T,119V,18S,137S,111V,154Y,21L,122V,17M,6D,134T,120P,114C,132G,19G,112C,130K
model.000.06.pdb,model.000.18.pdb,17M,18S,113S,114C,128C,20H,116I
model.000.06.pdb,model.000.19.pdb,139K,6D,4T,5V,3V,102D,137S,20H,21L
model.000.06.pdb,model.000.20.pdb,17M,123Q,126N,116I,154Y,117G,131D,118K,128C,125Q,121N,16Q,132G
model.000.06.pdb,model.000.21.pdb,139K,136C,100I,18S,6D,4T,5V,3V,135K,102D,137S,20H,19G,21L,16Q
model.000.06.pdb,model.000.22.pdb,136C,100I,5V,3V,102D,118K,117G,123Q,113S,135K,131D,133E,20H,121N,16Q,126N,139K,4T,119V,18S,137S,111V,154Y,21L,122V,17M,6D,134T,120P,125Q,114C,132G,19G,112C,130K
model.000.06.pdb,model.000.23.pdb,17M,154Y,117G,131D,118K,20H,116I
model.000.06.pdb,model.000.24.pdb,No common_epitopes
model.000.06.pdb,model.000.25.pdb,17M,117G,131D,118K,128C,112C,116I
model.000.06.pdb,model.000.26.pdb,17M,113S,154Y,117G,114C,128C,116I
model.000.06.pdb,model.000.27.pdb,No common_epitopes
model.000.06.pdb,model.000.28.pdb,No common_epitopes
model.000.06.pdb,model.000.29.pdb,114C,117G,18S,131D,118K,130K,116I,132G
model.000.07.pdb,model.000.00.pdb,29L,82N,53C,43K,151D,72K,41V,84C,24K,96N,80V,42L,26E,30V,115N,99C,47K,44C,71C,56F,73C,83V,54G,81N,69Y,40K,28D,97G,52P,79M,85I,95G,17M,57S,25C,27N,66P,98K,31L,55D,45D,70A
model.000.07.pdb,model.000.01.pdb,27N,39E,26E
model.000.07.pdb,model.000.02.pdb,17M
model.000.07.pdb,model.000.03.pdb,29L,82N,53C,151D,153I,78D,84C,30V,96N,80V,54G,22E,24K,115N,99C,71C,56F,152G,83V,42L,81N,69Y,40K,28D,97G,150V,79M,85I,95G,17M,57S,25C,27N,23C,98K,31L,15I,55D,70A
model.000.07.pdb,model.000.04.pdb,29L,82N,53C,43K,151D,153I,41V,84C,30V,160D,54G,26E,98K,24K,115N,44C,71C,56F,83V,42L,81N,40K,28D,150V,79M,85I,39E,148K,25C,27N,57S,59C,31L,15I,55D
model.000.07.pdb,model.000.05.pdb,73C,22E,72K,23C,98K,84C,31L,58K,56F
model.000.07.pdb,model.000.06.pdb,149A,29L,152G,42L,26E,148K,151D,40K,28D,153I,116I,97G,39E,115N,150V,24K,27N,25C,96N,160D,95G
model.000.07.pdb,model.000.07.pdb,29L,82N,53C,43K,47K,72K,41V,84C,24K,80V,54G,149A,26E,30V,151D,44C,71C,58K,73C,152G,83V,42L,81N,40K,28D,52P,79M,39E,57S,25C,27N,59C,31L,55D,70A
model.000.07.pdb,model.000.08.pdb,73C,57S,72K,70A,98K,59C,71C,58K,56F
model.000.07.pdb,model.000.09.pdb,17M
model.000.07.pdb,model.000.10.pdb,17M
model.000.07.pdb,model.000.11.pdb,29L,82N,151D,153I,78D,84C,24K,96N,80V,149A,26E,114C,22E,30V,160D,115N,99C,152G,83V,42L,81N,40K,28D,97G,150V,79M,85I,95G,17M,148K,27N,98K,15I,55D,116I
model.000.07.pdb,model.000.12.pdb,29L,82N,53C,43K,151D,153I,84C,30V,96N,160D,42L,149A,26E,114C,22E,24K,115N,99C,56F,152G,83V,54G,81N,40K,28D,97G,150V,79M,95G,17M,148K,25C,27N,23C,98K,31L,15I,55D,116I,57S
model.000.07.pdb,model.000.13.pdb,73C,72K,85I,78D,52P,31L,79M,58K,56F
model.000.07.pdb,model.000.14.pdb,114C
model.000.07.pdb,model.000.15.pdb,29L,82N,53C,43K,47K,41V,84C,24K,54G,26E,30V,151D,44C,71C,73C,152G,83V,42L,81N,40K,28D,150V,79M,39E,57S,27N,31L,55D,45D
model.000.07.pdb,model.000.16.pdb,29L,26E,39E,28D,24K,41V,27N
model.000.07.pdb,model.000.17.pdb,114C,22E,17M,98K
model.000.07.pdb,model.000.18.pdb,29L,82N,53C,151D,72K,153I,78D,41V,84C,24K,96N,80V,54G,26E,114C,22E,30V,115N,99C,71C,58K,56F,73C,152G,83V,42L,81N,40K,28D,97G,150V,79M,85I,95G,17M,57S,25C,27N,23C,98K,31L,15I,55D,116I
model.000.07.pdb,model.000.19.pdb,72K,58K,78D,52P,31L,85I,56F
model.000.07.pdb,model.000.20.pdb,29L,82N,53C,43K,151D,153I,84C,30V,96N,80V,54G,149A,26E,22E,24K,115N,99C,71C,56F,152G,83V,42L,81N,40K,28D,97G,150V,79M,85I,95G,17M,148K,27N,23C,98K,31L,15I,55D,116I
model.000.07.pdb,model.000.21.pdb,78D,85I,56F,23C
model.000.07.pdb,model.000.22.pdb,114C,17M
model.000.07.pdb,model.000.23.pdb,29L,82N,53C,151D,153I,41V,24K,96N,160D,42L,149A,26E,22E,30V,115N,99C,71C,152G,83V,54G,81N,40K,28D,97G,150V,85I,95G,17M,39E,148K,25C,27N,98K,15I,55D,116I
model.000.07.pdb,model.000.24.pdb,29L,43K,26E,47K,40K,28D,27N,39E,41V,52P,58K,42L
model.000.07.pdb,model.000.25.pdb,29L,82N,53C,43K,151D,72K,153I,84C,30V,96N,80V,54G,26E,22E,24K,115N,99C,44C,71C,58K,56F,152G,83V,42L,81N,69Y,40K,28D,97G,150V,79M,85I,95G,17M,57S,25C,27N,116I,98K,59C,31L,55D,45D,70A
model.000.07.pdb,model.000.26.pdb,29L,82N,53C,43K,151D,153I,78D,41V,84C,30V,96N,80V,98K,22E,24K,115N,44C,152G,83V,42L,81N,40K,28D,97G,150V,79M,85I,95G,17M,27N,114C,31L,15I,55D,116I
model.000.07.pdb,model.000.27.pdb,29L,82N,53C,43K,47K,72K,78D,41V,84C,42L,26E,30V,44C,71C,58K,56F,73C,83V,54G,69Y,40K,28D,79M,39E,57S,25C,27N,59C,31L,55D,45D,70A
model.000.07.pdb,model.000.28.pdb,73C,82N,53C,54G,81N,57S,69Y,72K,66P,78D,84C,55D,44C,83V,79M,71C,80V,70A
model.000.07.pdb,model.000.29.pdb,29L,82N,53C,151D,153I,84C,24K,96N,80V,54G,149A,26E,114C,22E,30V,160D,115N,44C,71C,152G,83V,42L,81N,40K,28D,97G,150V,79M,95G,39E,148K,25C,27N,23C,98K,31L,55D,116I,57S
model.000.08.pdb,model.000.00.pdb,29L,43K,26E,47K,40K,28D,30V,27N,41V,24K,25C,44C,45D,42L
model.000.08.pdb,model.000.01.pdb,145E,156C,38E,26E,12G,171T,27N,169I,39E,170C,11R,142K,164I,13F
model.000.08.pdb,model.000.02.pdb,No common_epitopes
model.000.08.pdb,model.000.03.pdb,29L,42L,25C,40K,28D,24K,27N,30V
model.000.08.pdb,model.000.04.pdb,29L,43K,157D,41V,24K,172G,155K,164I,38E,26E,30V,44C,42L,171T,156C,40K,28D,169I,163I,13F,39E,25C,27N,11R
model.000.08.pdb,model.000.05.pdb,No common_epitopes
model.000.08.pdb,model.000.06.pdb,29L,156C,42L,26E,12G,25C,171T,40K,28D,24K,157D,39E,11R,27N,163I,172G,155K,164I,13F
model.000.08.pdb,model.000.07.pdb,29L,43K,47K,41V,170C,24K,164I,38E,26E,30V,44C,48T,42L,40K,28D,169I,163I,13F,39E,25C,27N,11R
model.000.08.pdb,model.000.08.pdb,No common_epitopes
model.000.08.pdb,model.000.09.pdb,No common_epitopes
model.000.08.pdb,model.000.10.pdb,No common_epitopes
model.000.08.pdb,model.000.11.pdb,29L,42L,26E,156C,40K,28D,30V,157D,27N,170C,24K,163I,155K,164I
model.000.08.pdb,model.000.12.pdb,29L,43K,26E,25C,13F,156C,40K,28D,30V,157D,27N,42L,170C,24K,11R,163I,155K,164I,38E
model.000.08.pdb,model.000.13.pdb,38E
model.000.08.pdb,model.000.14.pdb,No common_epitopes
model.000.08.pdb,model.000.15.pdb,29L,43K,47K,157D,41V,24K,155K,164I,38E,26E,30V,44C,48T,42L,40K,28D,163I,13F,39E,27N,11R,45D
model.000.08.pdb,model.000.16.pdb,145E,29L,156C,38E,26E,12G,171T,28D,24K,169I,39E,41V,170C,27N,11R,163I,142K,164I,13F
model.000.08.pdb,model.000.17.pdb,No common_epitopes
model.000.08.pdb,model.000.18.pdb,29L,42L,26E,25C,40K,28D,30V,27N,41V,24K,155K,13F
model.000.08.pdb,model.000.19.pdb,38E,11R
model.000.08.pdb,model.000.20.pdb,29L,43K,26E,156C,40K,28D,30V,13F,27N,24K,155K,42L
model.000.08.pdb,model.000.21.pdb,No common_epitopes
model.000.08.pdb,model.000.22.pdb,No common_epitopes
model.000.08.pdb,model.000.23.pdb,29L,38E,26E,25C,13F,156C,40K,28D,30V,157D,39E,41V,170C,24K,27N,11R,163I,155K,164I,42L
model.000.08.pdb,model.000.24.pdb,145E,29L,43K,47K,41V,170C,164I,38E,26E,12G,48T,42L,171T,40K,28D,169I,163I,142K,13F,39E,27N,11R
model.000.08.pdb,model.000.25.pdb,29L,43K,26E,25C,40K,28D,30V,27N,24K,44C,45D,42L
model.000.08.pdb,model.000.26.pdb,29L,43K,40K,28D,30V,27N,41V,24K,44C,42L
model.000.08.pdb,model.000.27.pdb,29L,43K,26E,47K,11R,40K,28D,30V,39E,41V,42L,27N,25C,44C,48T,45D,38E
model.000.08.pdb,model.000.28.pdb,44C
model.000.08.pdb,model.000.29.pdb,145E,29L,42L,26E,25C,156C,40K,28D,30V,157D,39E,170C,24K,27N,11R,44C,163I,155K,164I,142K,13F
model.000.09.pdb,model.000.00.pdb,17M
model.000.09.pdb,model.000.01.pdb,138L,141L,140C,6D,4T,5V,3V,7T,139K,142K,8V,14L,2K
model.000.09.pdb,model.000.02.pdb,104S,141L,136C,106P,5V,3V,102D,109T,135K,7T,103T,133E,20H,16Q,101L,139K,107V,4T,18S,137S,111V,19G,105N,2K,17M,6D,134T,132G,21L,108K
model.000.09.pdb,model.000.03.pdb,20H,17M
model.000.09.pdb,model.000.04.pdb,14L
model.000.09.pdb,model.000.05.pdb,104S,109T,107V,106P,101L,3V,102D,7T,105N,20H,21L,108K,19G,103T,2K
model.000.09.pdb,model.000.06.pdb,133E,146T,134T,116I
model.000.09.pdb,model.000.07.pdb,No common_epitopes
model.000.09.pdb,model.000.08.pdb,104S,101L,6D,107V,106P,4T,3V,102D,7T,105N,20H,108K,8V,103T,2K
model.000.09.pdb,model.000.09.pdb,104S,138L,141L,136C,5V,3V,102D,109T,135K,7T,103T,133E,20H,16Q,139K,107V,4T,18S,137S,111V,19G,105N,2K,17M,6D,108K,134T,132G,21L,8V
model.000.09.pdb,model.000.10.pdb,104S,136C,106P,5V,3V,102D,109T,135K,7T,105N,133E,20H,16Q,101L,139K,107V,4T,119V,18S,137S,111V,19G,103T,2K,17M,6D,134T,132G,21L,108K
model.000.09.pdb,model.000.11.pdb,18S,17M,116I,132G,146T
model.000.09.pdb,model.000.12.pdb,147C,17M,136C,134T,18S,132G,133E,146T,116I
model.000.09.pdb,model.000.13.pdb,104S,109T,6D,107V,106P,101L,3V,102D,7T,105N,20H,108K,8V,103T,2K
model.000.09.pdb,model.000.14.pdb,104S,109T,18S,107V,106P,101L,119V,102D,105N,111V,20H,21L,108K,19G,103T,2K
model.000.09.pdb,model.000.15.pdb,No common_epitopes
model.000.09.pdb,model.000.16.pdb,138L,139K,140C,141L,14L,8V,142K
model.000.09.pdb,model.000.17.pdb,104S,136C,106P,5V,3V,102D,109T,135K,7T,105N,133E,20H,16Q,101L,139K,107V,4T,119V,18S,137S,111V,19G,103T,2K,17M,6D,134T,132G,21L
model.000.09.pdb,model.000.18.pdb,20H,17M,116I,18S
model.000.09.pdb,model.000.19.pdb,104S,101L,139K,107V,106P,4T,5V,3V,102D,137S,7T,105N,108K,6D,20H,21L,8V,103T,2K
model.000.09.pdb,model.000.20.pdb,17M,116I,16Q,132G
model.000.09.pdb,model.000.21.pdb,104S,138L,136C,106P,5V,3V,102D,109T,135K,7T,103T,20H,16Q,101L,139K,107V,4T,18S,137S,19G,105N,2K,6D,108K,21L,8V
model.000.09.pdb,model.000.22.pdb,104S,136C,106P,5V,3V,102D,109T,135K,7T,105N,133E,20H,16Q,101L,139K,107V,4T,119V,18S,137S,111V,19G,103T,2K,17M,6D,134T,132G,21L,108K
model.000.09.pdb,model.000.23.pdb,20H,17M,116I
model.000.09.pdb,model.000.24.pdb,14L,142K
model.000.09.pdb,model.000.25.pdb,17M,116I
model.000.09.pdb,model.000.26.pdb,17M,116I
model.000.09.pdb,model.000.27.pdb,No common_epitopes
model.000.09.pdb,model.000.28.pdb,No common_epitopes
model.000.09.pdb,model.000.29.pdb,18S,142K,116I,132G,146T
model.000.10.pdb,model.000.00.pdb,73C,60I,72K,84C,52P,71C,56F
model.000.10.pdb,model.000.01.pdb,10K,35E,139K,38E,39E,34E,37C,5V,3V,7T,32V,6D,36T,8V,4T,33N,2K
model.000.10.pdb,model.000.02.pdb,104S,109T,139K,107V,106P,4T,5V,101L,3V,102D,7T,103T,6D,108K,105N,2K
model.000.10.pdb,model.000.03.pdb,78D,89C,84C,88E,90K,71C,56F
model.000.10.pdb,model.000.04.pdb,38E,39E,59C,84C,71C,56F
model.000.10.pdb,model.000.05.pdb,104S,50N,35E,106P,72K,102D,84C,90K,7T,109T,10K,77Y,89C,103T,86P,58K,56F,75L,101L,34E,73C,107V,3V,87N,32V,36T,105N,2K,60I,33N,88E,108K,76G,74N
model.000.10.pdb,model.000.06.pdb,39E
model.000.10.pdb,model.000.07.pdb,51K,38E,39E,73C,72K,59C,84C,52P,71C,58K
model.000.10.pdb,model.000.08.pdb,104S,50N,51K,106P,72K,102D,10K,77Y,89C,35E,61K,7T,103T,86P,71C,58K,56F,75L,101L,34E,73C,107V,4T,3V,87N,32V,108K,36T,105N,2K,6D,60I,59C,33N,88E,8V,76G,74N
model.000.10.pdb,model.000.09.pdb,104S,109T,139K,107V,108K,4T,5V,3V,102D,7T,105N,6D,8V,103T,2K
model.000.10.pdb,model.000.10.pdb,104S,101L,139K,34E,107V,106P,4T,5V,3V,102D,7T,103T,109T,6D,108K,105N,2K
model.000.10.pdb,model.000.11.pdb,78D,90K,84C
model.000.10.pdb,model.000.12.pdb,10K,38E,37C,84C,32V,36T,56F
model.000.10.pdb,model.000.13.pdb,104S,101L,35E,106P,37C,72K,78D,102D,90K,7T,109T,10K,38E,77Y,89C,103T,86P,58K,56F,75L,50N,34E,73C,107V,60I,3V,87N,32V,36T,105N,2K,6D,108K,33N,88E,52P,8V,76G,74N
model.000.10.pdb,model.000.14.pdb,104S,109T,107V,106P,101L,102D,105N,108K,103T,2K
model.000.10.pdb,model.000.15.pdb,71C,73C,84C,38E,39E
model.000.10.pdb,model.000.16.pdb,10K,51K,139K,38E,39E,8V
model.000.10.pdb,model.000.17.pdb,104S,109T,139K,34E,101L,107V,106P,4T,5V,77Y,3V,102D,7T,105N,6D,103T,2K
model.000.10.pdb,model.000.18.pdb,34E,73C,37C,72K,78D,89C,84C,74N,90K,71C,58K,56F
model.000.10.pdb,model.000.19.pdb,104S,101L,35E,106P,37C,5V,3V,78D,102D,51K,90K,7T,10K,38E,77Y,89C,105N,86P,58K,56F,75L,50N,34E,139K,107V,4T,72K,87N,32V,36T,103T,2K,6D,8V,108K,33N,88E,52P,60I,76G,74N
model.000.10.pdb,model.000.20.pdb,90K,89C,84C,56F,71C
model.000.10.pdb,model.000.21.pdb,104S,35E,106P,5V,3V,78D,102D,109T,10K,77Y,89C,7T,105N,86P,56F,75L,101L,34E,139K,107V,4T,87N,32V,36T,103T,2K,6D,108K,33N,88E,8V,76G,74N
model.000.10.pdb,model.000.22.pdb,104S,109T,139K,107V,106P,4T,5V,101L,3V,102D,7T,103T,6D,108K,105N,2K
model.000.10.pdb,model.000.23.pdb,51K,71C,38E,39E
model.000.10.pdb,model.000.24.pdb,10K,51K,38E,39E,37C,52P,36T,58K
model.000.10.pdb,model.000.25.pdb,32V,60I,72K,59C,89C,84C,88E,90K,71C,58K,56F
model.000.10.pdb,model.000.26.pdb,78D,90K,77Y,84C,89C
model.000.10.pdb,model.000.27.pdb,51K,38E,39E,37C,73C,72K,78D,59C,84C,74N,71C,58K,56F
model.000.10.pdb,model.000.28.pdb,87N,73C,77Y,72K,78D,61K,84C,90K,71C,76G,74N,75L
model.000.10.pdb,model.000.29.pdb,71C,37C,84C,39E
model.000.11.pdb,model.000.00.pdb,82N,83V,85I,81N,79M,151D,80V,97G,98K,115N,99C,96N,94C,95G
model.000.11.pdb,model.000.01.pdb,No common_epitopes
model.000.11.pdb,model.000.02.pdb,133E,130K,126N,132G
model.000.11.pdb,model.000.03.pdb,82N,83V,85I,81N,98K,79M,151D,152G,80V,97G,115N,89C,150V,95G,99C,90K,96N,91Q,94C,92V,93T
model.000.11.pdb,model.000.04.pdb,82N,83V,81N,148K,151D,159K,157D,98K,115N,150V,162F,85I,158C,161G,79M,160D
model.000.11.pdb,model.000.05.pdb,90K,89C,98K
model.000.11.pdb,model.000.06.pdb,97G,149A,152G,148K,151D,116I,159K,157D,117G,115N,150V,162F,161G,133E,158C,96N,160D,95G,118K
model.000.11.pdb,model.000.07.pdb,149A,82N,83V,81N,151D,152G,79M,80V
model.000.11.pdb,model.000.08.pdb,98K,89C
model.000.11.pdb,model.000.09.pdb,133E,132G
model.000.11.pdb,model.000.10.pdb,131D,132G,130K,117G,127K,126N,128C,125Q,133E,112C,121N,94C,92V,118K
model.000.11.pdb,model.000.11.pdb,82N,124D,151D,127K,157D,162F,128C,161G,160D,90K,96N,94C,92V,149A,98K,159K,80V,117G,115N,99C,131D,121N,152G,83V,81N,97G,150V,125Q,158C,79M,85I,95G,93T,148K,114C,129S,132G,130K,116I,118K
model.000.11.pdb,model.000.12.pdb,82N,151D,157D,162F,161G,96N,160D,149A,98K,159K,117G,115N,99C,133E,131D,152G,83V,81N,97G,150V,158C,79M,95G,148K,114C,132G,116I,118K
model.000.11.pdb,model.000.13.pdb,90K,79M,89C,91Q,85I
model.000.11.pdb,model.000.14.pdb,124D,91Q,130K,127K,114C,131D,126N,125Q,129S,112C,121N,92V,93T
model.000.11.pdb,model.000.15.pdb,82N,83V,81N,151D,157D,152G,150V,162F,79M
model.000.11.pdb,model.000.16.pdb,159K
model.000.11.pdb,model.000.17.pdb,124D,98K,130K,114C,132G,126N,133E,112C,121N,118K
model.000.11.pdb,model.000.18.pdb,82N,151D,128C,90K,96N,80V,92V,98K,94C,115N,89C,99C,152G,83V,81N,97G,150V,79M,91Q,85I,95G,93T,114C,116I
model.000.11.pdb,model.000.19.pdb,90K,89C,85I
model.000.11.pdb,model.000.20.pdb,82N,124D,151D,127K,118K,128C,90K,96N,80V,92V,149A,89C,94C,117G,115N,131D,99C,121N,132G,152G,83V,81N,97G,150V,125Q,129S,79M,91Q,85I,95G,93T,148K,98K,126N,116I
model.000.11.pdb,model.000.21.pdb,89C,85I
model.000.11.pdb,model.000.22.pdb,132G,124D,130K,117G,114C,131D,126N,125Q,133E,129S,112C,121N,118K
model.000.11.pdb,model.000.23.pdb,82N,151D,157D,162F,161G,96N,160D,149A,159K,117G,115N,99C,131D,152G,83V,81N,97G,150V,158C,85I,95G,148K,98K,116I,118K
model.000.11.pdb,model.000.24.pdb,No common_epitopes
model.000.11.pdb,model.000.25.pdb,82N,151D,118K,128C,90K,96N,80V,92V,89C,94C,117G,115N,131D,99C,152G,83V,81N,97G,150V,129S,79M,91Q,85I,95G,93T,98K,112C,116I
model.000.11.pdb,model.000.26.pdb,82N,124D,151D,127K,128C,90K,96N,80V,92V,98K,94C,117G,115N,89C,152G,83V,81N,97G,150V,129S,79M,91Q,85I,95G,93T,114C,116I
model.000.11.pdb,model.000.27.pdb,79M,82N,83V
model.000.11.pdb,model.000.28.pdb,82N,83V,81N,90K,79M,91Q,80V,93T
model.000.11.pdb,model.000.29.pdb,82N,151D,157D,161G,118K,158C,96N,80V,149A,98K,160D,117G,115N,131D,152G,83V,81N,97G,150V,129S,79M,95G,93T,148K,114C,132G,116I,130K
model.000.12.pdb,model.000.00.pdb,29L,82N,43K,26E,151D,40K,28D,24K,41V,27N,47K,44C,45D,42L
model.000.12.pdb,model.000.01.pdb,39E,11R,38E,26E,27N
model.000.12.pdb,model.000.02.pdb,No common_epitopes
model.000.12.pdb,model.000.03.pdb,29L,82N,42L,151D,40K,28D,24K,152G,150V,27N
model.000.12.pdb,model.000.04.pdb,29L,82N,59C,43K,26E,151D,40K,28D,24K,39E,41V,42L,27N,11R,44C,150V,38E
model.000.12.pdb,model.000.05.pdb,No common_epitopes
model.000.12.pdb,model.000.06.pdb,149A,29L,152G,42L,26E,151D,40K,28D,24K,39E,150V,27N,11R
model.000.12.pdb,model.000.07.pdb,149A,29L,82N,59C,43K,26E,151D,11R,40K,51K,24K,28D,39E,41V,152G,42L,27N,47K,44C,48T,38E
model.000.12.pdb,model.000.08.pdb,51K,59C
model.000.12.pdb,model.000.09.pdb,No common_epitopes
model.000.12.pdb,model.000.10.pdb,No common_epitopes
model.000.12.pdb,model.000.11.pdb,149A,29L,82N,42L,26E,151D,40K,28D,24K,152G,150V,27N
model.000.12.pdb,model.000.12.pdb,149A,29L,82N,43K,26E,151D,40K,28D,24K,42L,152G,150V,27N,11R,38E
model.000.12.pdb,model.000.13.pdb,38E
model.000.12.pdb,model.000.14.pdb,No common_epitopes
model.000.12.pdb,model.000.15.pdb,29L,82N,43K,26E,151D,11R,40K,28D,24K,39E,41V,152G,42L,27N,47K,44C,150V,48T,45D,38E
model.000.12.pdb,model.000.16.pdb,29L,38E,26E,51K,24K,28D,39E,41V,27N,11R
model.000.12.pdb,model.000.17.pdb,No common_epitopes
model.000.12.pdb,model.000.18.pdb,29L,82N,42L,26E,151D,40K,28D,24K,41V,152G,150V,27N
model.000.12.pdb,model.000.19.pdb,51K,38E,11R
model.000.12.pdb,model.000.20.pdb,149A,29L,82N,43K,26E,151D,40K,28D,24K,152G,150V,27N,42L
model.000.12.pdb,model.000.21.pdb,No common_epitopes
model.000.12.pdb,model.000.22.pdb,No common_epitopes
model.000.12.pdb,model.000.23.pdb,149A,29L,82N,38E,26E,151D,40K,51K,24K,28D,39E,41V,152G,150V,27N,11R,42L
model.000.12.pdb,model.000.24.pdb,29L,43K,26E,47K,40K,51K,27N,28D,39E,41V,42L,11R,48T,38E
model.000.12.pdb,model.000.25.pdb,29L,82N,43K,26E,151D,40K,28D,24K,59C,152G,150V,27N,44C,45D,42L
model.000.12.pdb,model.000.26.pdb,29L,82N,43K,151D,40K,28D,24K,41V,152G,150V,27N,44C,42L
model.000.12.pdb,model.000.27.pdb,29L,82N,59C,43K,26E,47K,40K,51K,27N,28D,39E,41V,42L,11R,44C,48T,45D,38E
model.000.12.pdb,model.000.28.pdb,44C,82N
model.000.12.pdb,model.000.29.pdb,149A,29L,82N,42L,26E,151D,40K,28D,24K,39E,152G,150V,27N,11R,44C
model.000.13.pdb,model.000.00.pdb,17M
model.000.13.pdb,model.000.01.pdb,138L,6D,4T,5V,3V,7T,8V,2K
model.000.13.pdb,model.000.02.pdb,104S,136C,5V,3V,102D,109T,135K,7T,105N,133E,20H,16Q,132G,4T,154Y,18S,137S,111V,19G,103T,2K,122V,17M,6D,134T,120P,126N,21L,130K
model.000.13.pdb,model.000.03.pdb,20H,17M
model.000.13.pdb,model.000.04.pdb,154Y
model.000.13.pdb,model.000.05.pdb,104S,109T,3V,102D,7T,103T,20H,21L,19G,105N,2K
model.000.13.pdb,model.000.06.pdb,134T,154Y,117G,118K,133E,116I
model.000.13.pdb,model.000.07.pdb,No common_epitopes
model.000.13.pdb,model.000.08.pdb,104S,6D,4T,3V,102D,7T,103T,20H,8V,105N,2K
model.000.13.pdb,model.000.09.pdb,104S,138L,136C,5V,3V,102D,109T,135K,7T,103T,133E,20H,16Q,4T,154Y,18S,137S,111V,19G,105N,2K,17M,6D,134T,132G,21L,8V
model.000.13.pdb,model.000.10.pdb,104S,136C,5V,3V,102D,118K,7T,109T,135K,123Q,117G,131D,103T,133E,20H,121N,16Q,132G,4T,119V,18S,137S,111V,19G,105N,2K,122V,17M,6D,134T,120P,125Q,126N,21L,112C,130K
model.000.13.pdb,model.000.11.pdb,17M,117G,18S,131D,118K,125Q,129S,130K,121N,116I,132G
model.000.13.pdb,model.000.12.pdb,17M,136C,134T,154Y,117G,18S,131D,118K,133E,116I,132G
model.000.13.pdb,model.000.13.pdb,104S,109T,6D,3V,102D,7T,103T,20H,8V,105N,2K
model.000.13.pdb,model.000.14.pdb,104S,111V,102D,109T,123Q,131D,103T,20H,121N,119V,18S,125Q,129S,19G,105N,2K,122V,120P,126N,21L,112C,130K
model.000.13.pdb,model.000.15.pdb,No common_epitopes
model.000.13.pdb,model.000.16.pdb,138L,8V
model.000.13.pdb,model.000.17.pdb,104S,136C,5V,3V,102D,118K,109T,123Q,135K,7T,103T,133E,20H,121N,16Q,132G,4T,154Y,18S,137S,111V,119V,19G,105N,2K,122V,17M,6D,134T,120P,126N,21L,112C,130K
model.000.13.pdb,model.000.18.pdb,20H,17M,116I,18S
model.000.13.pdb,model.000.19.pdb,104S,6D,4T,5V,3V,102D,137S,7T,103T,20H,21L,8V,105N,2K
model.000.13.pdb,model.000.20.pdb,132G,17M,123Q,116I,154Y,117G,131D,126N,125Q,129S,121N,16Q,118K
model.000.13.pdb,model.000.21.pdb,104S,138L,19G,6D,136C,18S,4T,5V,3V,135K,102D,137S,7T,103T,109T,20H,21L,8V,16Q,105N,2K
model.000.13.pdb,model.000.22.pdb,104S,136C,5V,3V,102D,118K,7T,109T,135K,123Q,117G,131D,103T,133E,20H,121N,16Q,132G,4T,154Y,18S,137S,111V,129S,119V,19G,105N,2K,122V,17M,6D,134T,120P,125Q,126N,21L,112C,130K
model.000.13.pdb,model.000.23.pdb,17M,154Y,117G,131D,118K,20H,116I
model.000.13.pdb,model.000.24.pdb,No common_epitopes
model.000.13.pdb,model.000.25.pdb,17M,117G,131D,118K,129S,112C,116I
model.000.13.pdb,model.000.26.pdb,117G,129S,17M,116I,154Y
model.000.13.pdb,model.000.27.pdb,No common_epitopes
model.000.13.pdb,model.000.28.pdb,No common_epitopes
model.000.13.pdb,model.000.29.pdb,117G,18S,131D,118K,129S,130K,116I,132G
model.000.14.pdb,model.000.00.pdb,29L,82N,53C,43K,151D,72K,41V,84C,24K,80V,68S,26E,67V,30V,115N,99C,44C,71C,56F,83V,42L,81N,69Y,40K,28D,79M,85I,17M,25C,27N,66P,98K,31L,55D,45D,70A
model.000.14.pdb,model.000.01.pdb,13F,26E,12G,27N,169I,11R,164I
model.000.14.pdb,model.000.02.pdb,17M
model.000.14.pdb,model.000.03.pdb,29L,82N,53C,151D,153I,84C,30V,80V,68S,22E,24K,115N,99C,71C,56F,152G,83V,42L,81N,69Y,40K,28D,150V,79M,85I,17M,25C,27N,98K,31L,15I,55D,70A
model.000.14.pdb,model.000.04.pdb,29L,82N,53C,43K,151D,153I,157D,41V,84C,24K,155K,164I,26E,30V,115N,44C,71C,56F,83V,42L,81N,11R,40K,28D,169I,150V,163I,79M,85I,13F,25C,27N,98K,59C,31L,15I,55D
model.000.14.pdb,model.000.05.pdb,22E,72K,98K,84C,31L,56F
model.000.14.pdb,model.000.06.pdb,29L,152G,42L,26E,12G,151D,11R,40K,28D,153I,157D,27N,115N,150V,24K,25C,163I,155K,164I,13F
model.000.14.pdb,model.000.07.pdb,29L,82N,53C,43K,151D,72K,41V,84C,24K,164I,80V,26E,30V,44C,71C,152G,83V,42L,81N,11R,40K,28D,169I,163I,79M,13F,25C,27N,59C,31L,55D,70A
model.000.14.pdb,model.000.08.pdb,72K,98K,59C,71C,70A,56F
model.000.14.pdb,model.000.09.pdb,17M
model.000.14.pdb,model.000.10.pdb,17M
model.000.14.pdb,model.000.11.pdb,29L,82N,151D,153I,157D,84C,24K,155K,164I,80V,26E,22E,30V,115N,99C,152G,83V,42L,81N,40K,28D,150V,163I,79M,85I,17M,27N,98K,15I,55D
model.000.14.pdb,model.000.12.pdb,29L,82N,53C,43K,151D,153I,157D,84C,24K,155K,164I,26E,22E,30V,115N,99C,56F,152G,83V,42L,81N,11R,40K,28D,150V,163I,79M,17M,13F,25C,27N,98K,31L,15I,55D
model.000.14.pdb,model.000.13.pdb,79M,31L,72K,56F,85I
model.000.14.pdb,model.000.14.pdb,No common_epitopes
model.000.14.pdb,model.000.15.pdb,29L,82N,53C,43K,151D,157D,41V,84C,24K,155K,164I,26E,30V,44C,71C,152G,83V,42L,81N,31L,40K,28D,150V,163I,79M,13F,27N,11R,55D,45D
model.000.14.pdb,model.000.16.pdb,29L,13F,26E,12G,28D,24K,169I,41V,27N,11R,163I,164I
model.000.14.pdb,model.000.17.pdb,98K,22E,17M
model.000.14.pdb,model.000.18.pdb,29L,82N,53C,151D,72K,153I,41V,84C,24K,155K,80V,26E,22E,30V,115N,99C,71C,56F,152G,83V,42L,81N,40K,28D,150V,79M,85I,17M,13F,25C,27N,98K,31L,15I,55D
model.000.14.pdb,model.000.19.pdb,31L,85I,72K,56F,11R
model.000.14.pdb,model.000.20.pdb,29L,82N,53C,43K,151D,153I,84C,24K,155K,80V,26E,22E,30V,115N,99C,71C,56F,152G,83V,42L,81N,40K,28D,150V,79M,85I,17M,13F,27N,98K,31L,15I,55D
model.000.14.pdb,model.000.21.pdb,85I,56F
model.000.14.pdb,model.000.22.pdb,17M
model.000.14.pdb,model.000.23.pdb,29L,82N,53C,151D,153I,157D,41V,24K,155K,164I,26E,22E,30V,115N,99C,71C,152G,83V,42L,81N,40K,28D,150V,163I,85I,17M,13F,25C,27N,98K,11R,15I,55D
model.000.14.pdb,model.000.24.pdb,29L,43K,26E,12G,13F,40K,28D,27N,169I,41V,11R,163I,164I,42L
model.000.14.pdb,model.000.25.pdb,29L,82N,53C,43K,151D,72K,153I,84C,24K,80V,26E,22E,30V,115N,99C,44C,71C,56F,152G,83V,42L,81N,69Y,40K,28D,150V,79M,85I,17M,25C,27N,98K,59C,31L,55D,45D,70A
model.000.14.pdb,model.000.26.pdb,29L,82N,53C,43K,151D,153I,41V,84C,30V,80V,22E,24K,115N,44C,152G,83V,42L,81N,40K,28D,150V,79M,85I,17M,27N,98K,31L,15I,55D
model.000.14.pdb,model.000.27.pdb,29L,82N,53C,43K,72K,41V,84C,68S,31L,26E,67V,30V,44C,71C,56F,83V,42L,69Y,40K,28D,79M,25C,27N,59C,11R,55D,45D,70A
model.000.14.pdb,model.000.28.pdb,82N,53C,81N,67V,69Y,72K,66P,84C,70A,55D,44C,83V,79M,71C,80V,68S
model.000.14.pdb,model.000.29.pdb,29L,82N,53C,151D,153I,157D,84C,24K,155K,164I,80V,26E,22E,30V,115N,44C,71C,152G,83V,42L,81N,11R,40K,28D,150V,163I,79M,13F,25C,27N,98K,31L,55D
model.000.15.pdb,model.000.00.pdb,113S,98K,17M,56F,31L
model.000.15.pdb,model.000.01.pdb,138L,34E,35E,141L,140C,6D,4T,5V,3V,7T,139K,33N,2K
model.000.15.pdb,model.000.02.pdb,104S,141L,136C,100I,5V,3V,102D,109T,135K,7T,103T,133E,20H,16Q,101L,139K,4T,154Y,18S,137S,111V,19G,105N,2K,17M,6D,134T,120P,132G,21L
model.000.15.pdb,model.000.03.pdb,17M,22E,23C,98K,31L,20H,56F
model.000.15.pdb,model.000.04.pdb,98K,31L,56F,154Y
model.000.15.pdb,model.000.05.pdb,104S,35E,100I,3V,102D,109T,22E,77Y,7T,105N,20H,56F,101L,34E,21L,103T,2K,23C,98K,33N,31L,19G
model.000.15.pdb,model.000.06.pdb,133E,134T,154Y
model.000.15.pdb,model.000.07.pdb,31L
model.000.15.pdb,model.000.08.pdb,104S,101L,35E,6D,100I,34E,4T,33N,77Y,3V,102D,7T,103T,56F,20H,98K,105N,2K
model.000.15.pdb,model.000.09.pdb,104S,138L,141L,136C,100I,5V,3V,102D,109T,113S,135K,7T,105N,133E,20H,16Q,139K,4T,154Y,18S,137S,111V,19G,103T,2K,17M,6D,134T,132G,21L
model.000.15.pdb,model.000.10.pdb,104S,136C,100I,5V,3V,102D,109T,113S,135K,7T,103T,133E,20H,16Q,101L,34E,139K,4T,119V,18S,137S,111V,19G,105N,2K,17M,6D,134T,120P,132G,21L,112C
model.000.15.pdb,model.000.11.pdb,17M,98K,113S,22E,18S,132G
model.000.15.pdb,model.000.12.pdb,147C,17M,136C,98K,113S,22E,134T,154Y,18S,132G,31L,133E,23C,56F
model.000.15.pdb,model.000.13.pdb,104S,109T,35E,6D,100I,101L,33N,77Y,3V,31L,102D,7T,103T,56F,34E,20H,105N,2K
model.000.15.pdb,model.000.14.pdb,104S,109T,100I,18S,113S,101L,120P,119V,102D,105N,111V,20H,21L,112C,19G,103T,2K
model.000.15.pdb,model.000.15.pdb,31L
model.000.15.pdb,model.000.16.pdb,138L,139K,140C,141L
model.000.15.pdb,model.000.17.pdb,104S,136C,100I,5V,3V,102D,109T,113S,22E,77Y,135K,7T,103T,133E,20H,16Q,101L,34E,139K,4T,119V,18S,137S,111V,154Y,19G,105N,2K,17M,6D,134T,120P,98K,132G,21L,112C
model.000.15.pdb,model.000.18.pdb,34E,17M,98K,113S,22E,23C,18S,31L,20H,56F
model.000.15.pdb,model.000.19.pdb,104S,101L,35E,139K,34E,6D,4T,5V,77Y,3V,31L,102D,137S,7T,103T,56F,33N,20H,21L,105N,2K
model.000.15.pdb,model.000.20.pdb,17M,22E,23C,98K,132G,31L,154Y,16Q,56F
model.000.15.pdb,model.000.21.pdb,104S,138L,35E,136C,100I,5V,3V,102D,109T,77Y,135K,7T,103T,20H,16Q,56F,101L,34E,139K,4T,18S,137S,19G,105N,2K,6D,23C,33N,21L
model.000.15.pdb,model.000.22.pdb,104S,136C,100I,5V,3V,102D,109T,113S,135K,7T,103T,133E,20H,16Q,101L,139K,4T,119V,18S,137S,111V,154Y,19G,105N,2K,17M,6D,134T,120P,132G,21L,112C
model.000.15.pdb,model.000.23.pdb,20H,22E,98K,17M,154Y
model.000.15.pdb,model.000.24.pdb,No common_epitopes
model.000.15.pdb,model.000.25.pdb,17M,22E,98K,31L,112C,56F
model.000.15.pdb,model.000.26.pdb,17M,113S,22E,77Y,154Y,98K,31L
model.000.15.pdb,model.000.27.pdb,56F,31L
model.000.15.pdb,model.000.28.pdb,77Y
model.000.15.pdb,model.000.29.pdb,98K,22E,23C,18S,132G,31L
model.000.16.pdb,model.000.00.pdb,115N
model.000.16.pdb,model.000.01.pdb,138L,145E,140C,139K
model.000.16.pdb,model.000.02.pdb,122V,139K,136C,134T,120P,154Y,135K,18S,137S,126N,133E,19G,130K,16Q,132G
model.000.16.pdb,model.000.03.pdb,115N,150V
model.000.16.pdb,model.000.04.pdb,148K,159K,154Y,115N,150V,160D
model.000.16.pdb,model.000.05.pdb,19G
model.000.16.pdb,model.000.06.pdb,149A,148K,116I,134T,159K,154Y,117G,115N,150V,118K,133E,146T,160D
model.000.16.pdb,model.000.07.pdb,149A
model.000.16.pdb,model.000.08.pdb,No common_epitopes
model.000.16.pdb,model.000.09.pdb,138L,139K,136C,134T,154Y,135K,18S,137S,132G,133E,19G,16Q
model.000.16.pdb,model.000.10.pdb,135K,139K,123Q,132G,122V,126N,134T,120P,119V,117G,18S,137S,131D,118K,133E,19G,130K,121N,16Q,136C
model.000.16.pdb,model.000.11.pdb,149A,124D,148K,130K,159K,116I,117G,18S,115N,150V,118K,146T,131D,121N,160D,132G
model.000.16.pdb,model.000.12.pdb,147C,136C,149A,148K,116I,134T,159K,154Y,117G,18S,115N,150V,118K,133E,146T,131D,160D,132G
model.000.16.pdb,model.000.13.pdb,No common_epitopes
model.000.16.pdb,model.000.14.pdb,122V,124D,120P,119V,18S,131D,126N,19G,130K,121N,123Q
model.000.16.pdb,model.000.15.pdb,150V
model.000.16.pdb,model.000.16.pdb,138L,145E,140C,139K,159K
model.000.16.pdb,model.000.17.pdb,122V,130K,139K,124D,18S,126N,134T,120P,154Y,135K,133E,137S,132G,118K,136C,19G,119V,121N,16Q,123Q
model.000.16.pdb,model.000.18.pdb,18S,115N,150V,116I
model.000.16.pdb,model.000.19.pdb,137S,139K
model.000.16.pdb,model.000.20.pdb,149A,123Q,132G,148K,126N,116I,154Y,117G,115N,150V,118K,131D,121N,16Q,124D
model.000.16.pdb,model.000.21.pdb,138L,139K,136C,135K,18S,137S,19G,16Q
model.000.16.pdb,model.000.22.pdb,124D,118K,136C,117G,123Q,135K,131D,133E,121N,16Q,126N,139K,154Y,18S,137S,119V,122V,134T,120P,132G,19G,130K
model.000.16.pdb,model.000.23.pdb,149A,148K,116I,159K,154Y,117G,115N,150V,118K,131D,160D
model.000.16.pdb,model.000.24.pdb,145E
model.000.16.pdb,model.000.25.pdb,117G,115N,131D,150V,118K,116I
model.000.16.pdb,model.000.26.pdb,124D,154Y,117G,115N,150V,116I
model.000.16.pdb,model.000.27.pdb,No common_epitopes
model.000.16.pdb,model.000.28.pdb,No common_epitopes
model.000.16.pdb,model.000.29.pdb,145E,149A,148K,130K,116I,117G,18S,115N,150V,118K,146T,131D,160D,132G
model.000.17.pdb,model.000.00.pdb,17M
model.000.17.pdb,model.000.01.pdb,138L,145E,141L,140C,6D,4T,5V,3V,7T,139K,142K,8V,2K
model.000.17.pdb,model.000.02.pdb,104S,141L,136C,100I,106P,5V,3V,102D,109T,135K,7T,105N,20H,16Q,101L,139K,4T,18S,137S,21L,103T,2K,17M,6D,19G
model.000.17.pdb,model.000.03.pdb,20H,22E,17M
model.000.17.pdb,model.000.04.pdb,No common_epitopes
model.000.17.pdb,model.000.05.pdb,104S,109T,100I,106P,22E,101L,3V,102D,7T,103T,20H,19G,21L,105N,2K
model.000.17.pdb,model.000.06.pdb,No common_epitopes
model.000.17.pdb,model.000.07.pdb,No common_epitopes
model.000.17.pdb,model.000.08.pdb,104S,101L,6D,100I,106P,4T,3V,102D,7T,103T,20H,8V,105N,2K
model.000.17.pdb,model.000.09.pdb,104S,138L,141L,136C,100I,5V,3V,102D,109T,135K,7T,105N,20H,16Q,139K,4T,18S,137S,21L,103T,2K,17M,6D,19G,8V
model.000.17.pdb,model.000.10.pdb,104S,136C,100I,106P,5V,3V,102D,109T,135K,7T,105N,20H,16Q,101L,139K,4T,18S,137S,21L,103T,2K,17M,6D,19G
model.000.17.pdb,model.000.11.pdb,18S,22E,17M
model.000.17.pdb,model.000.12.pdb,147C,22E,17M,136C,18S
model.000.17.pdb,model.000.13.pdb,104S,109T,6D,100I,106P,101L,3V,102D,7T,103T,20H,8V,105N,2K
model.000.17.pdb,model.000.14.pdb,104S,109T,100I,18S,106P,101L,102D,103T,20H,19G,21L,105N,2K
model.000.17.pdb,model.000.15.pdb,No common_epitopes
model.000.17.pdb,model.000.16.pdb,138L,145E,141L,140C,139K,142K,8V
model.000.17.pdb,model.000.17.pdb,104S,136C,100I,106P,5V,3V,102D,109T,22E,135K,7T,105N,20H,16Q,101L,139K,4T,18S,137S,21L,103T,2K,17M,6D,19G
model.000.17.pdb,model.000.18.pdb,20H,22E,17M,18S
model.000.17.pdb,model.000.19.pdb,104S,101L,139K,106P,4T,5V,3V,102D,137S,7T,103T,6D,20H,21L,8V,105N,2K
model.000.17.pdb,model.000.20.pdb,22E,17M,16Q
model.000.17.pdb,model.000.21.pdb,104S,138L,136C,100I,106P,5V,3V,102D,109T,135K,7T,105N,20H,16Q,101L,139K,4T,18S,137S,21L,103T,2K,6D,19G,8V
model.000.17.pdb,model.000.22.pdb,104S,136C,100I,106P,5V,3V,102D,109T,135K,7T,105N,20H,16Q,101L,139K,4T,18S,137S,21L,103T,2K,17M,6D,19G
model.000.17.pdb,model.000.23.pdb,20H,22E,17M
model.000.17.pdb,model.000.24.pdb,145E,142K
model.000.17.pdb,model.000.25.pdb,22E,17M
model.000.17.pdb,model.000.26.pdb,22E,17M
model.000.17.pdb,model.000.27.pdb,No common_epitopes
model.000.17.pdb,model.000.28.pdb,No common_epitopes
model.000.17.pdb,model.000.29.pdb,145E,22E,142K,18S
model.000.18.pdb,model.000.00.pdb,29L,82N,53C,43K,151D,72K,41V,84C,24K,68S,42L,26E,67V,30V,47K,44C,71C,56F,73C,83V,54G,81N,69Y,40K,28D,52P,79M,57S,25C,27N,66P,31L,55D,45D,70A
model.000.18.pdb,model.000.01.pdb,37C,164I,27N,26E
model.000.18.pdb,model.000.02.pdb,No common_epitopes
model.000.18.pdb,model.000.03.pdb,29L,82N,53C,151D,84C,24K,68S,54G,30V,71C,56F,83V,42L,81N,69Y,40K,28D,150V,79M,57S,25C,27N,31L,55D,70A
model.000.18.pdb,model.000.04.pdb,29L,82N,53C,43K,151D,41V,84C,24K,155K,164I,42L,26E,30V,44C,71C,56F,83V,54G,81N,40K,28D,150V,163I,79M,57S,25C,27N,59C,31L,55D
model.000.18.pdb,model.000.05.pdb,73C,72K,84C,31L,58K,56F
model.000.18.pdb,model.000.06.pdb,29L,42L,26E,151D,40K,28D,24K,150V,27N,25C,163I,155K,164I
model.000.18.pdb,model.000.07.pdb,29L,82N,53C,43K,47K,51K,41V,84C,24K,164I,54G,26E,30V,151D,44C,48T,71C,58K,73C,83V,42L,81N,40K,28D,72K,52P,163I,79M,57S,25C,27N,59C,31L,55D,70A
model.000.18.pdb,model.000.08.pdb,73C,70A,57S,51K,72K,59C,71C,58K,56F
model.000.18.pdb,model.000.09.pdb,No common_epitopes
model.000.18.pdb,model.000.10.pdb,No common_epitopes
model.000.18.pdb,model.000.11.pdb,29L,82N,83V,42L,26E,151D,40K,28D,30V,81N,27N,84C,24K,163I,55D,150V,155K,164I,79M
model.000.18.pdb,model.000.12.pdb,29L,82N,53C,43K,151D,37C,84C,24K,155K,164I,42L,26E,30V,56F,83V,54G,81N,40K,28D,150V,163I,79M,57S,25C,27N,31L,55D
model.000.18.pdb,model.000.13.pdb,73C,37C,72K,52P,31L,79M,58K,56F
model.000.18.pdb,model.000.14.pdb,No common_epitopes
model.000.18.pdb,model.000.15.pdb,29L,82N,53C,43K,47K,41V,84C,24K,155K,164I,54G,26E,30V,151D,44C,48T,71C,73C,83V,42L,81N,40K,28D,150V,163I,79M,57S,27N,31L,55D,45D
model.000.18.pdb,model.000.16.pdb,29L,26E,51K,24K,28D,41V,27N,163I,164I
model.000.18.pdb,model.000.17.pdb,No common_epitopes
model.000.18.pdb,model.000.18.pdb,29L,82N,53C,151D,37C,72K,41V,84C,24K,155K,54G,26E,30V,71C,58K,56F,73C,83V,42L,81N,40K,28D,150V,79M,57S,25C,27N,31L,55D
model.000.18.pdb,model.000.19.pdb,51K,37C,72K,52P,31L,58K,56F
model.000.18.pdb,model.000.20.pdb,29L,82N,53C,43K,151D,84C,24K,155K,42L,26E,30V,71C,56F,83V,54G,81N,40K,28D,150V,79M,27N,31L,55D
model.000.18.pdb,model.000.21.pdb,56F
model.000.18.pdb,model.000.22.pdb,No common_epitopes
model.000.18.pdb,model.000.23.pdb,29L,82N,53C,151D,51K,41V,24K,155K,164I,54G,26E,30V,71C,83V,42L,81N,40K,28D,150V,163I,25C,27N,55D
model.000.18.pdb,model.000.24.pdb,51K,43K,26E,47K,37C,40K,29L,27N,28D,41V,52P,163I,48T,164I,58K,42L
model.000.18.pdb,model.000.25.pdb,29L,82N,53C,43K,151D,72K,84C,24K,42L,26E,30V,44C,71C,58K,56F,83V,54G,81N,69Y,40K,28D,150V,79M,57S,25C,27N,59C,31L,55D,45D,70A
model.000.18.pdb,model.000.26.pdb,29L,82N,53C,43K,81N,151D,31L,40K,28D,30V,27N,41V,55D,84C,24K,150V,44C,83V,79M,42L
model.000.18.pdb,model.000.27.pdb,29L,82N,53C,43K,47K,37C,72K,41V,84C,51K,68S,54G,26E,67V,30V,44C,48T,71C,58K,56F,73C,83V,42L,69Y,40K,28D,79M,57S,25C,27N,59C,31L,55D,45D,70A
model.000.18.pdb,model.000.28.pdb,73C,82N,53C,54G,81N,57S,67V,69Y,72K,66P,84C,55D,44C,83V,79M,71C,70A,68S
model.000.18.pdb,model.000.29.pdb,29L,82N,53C,151D,37C,84C,24K,155K,164I,54G,26E,30V,44C,71C,83V,42L,81N,40K,28D,150V,163I,79M,57S,25C,27N,31L,55D
model.000.19.pdb,model.000.00.pdb,29L,82N,151D,84C,24K,96N,80V,26E,30V,94C,115N,99C,56F,83V,42L,81N,40K,28D,97G,85I,95G,17M,25C,27N,98K,31L,55D
model.000.19.pdb,model.000.01.pdb,13F,26E,37C,156C,27N,164I
model.000.19.pdb,model.000.02.pdb,20H,17M
model.000.19.pdb,model.000.03.pdb,29L,82N,151D,153I,84C,30V,96N,80V,22E,24K,94C,115N,89C,99C,20H,56F,152G,83V,42L,81N,40K,28D,97G,150V,91Q,85I,95G,93T,17M,25C,27N,23C,98K,31L,15I,55D
model.000.19.pdb,model.000.04.pdb,29L,82N,151D,153I,157D,161G,84C,24K,158C,155K,164I,160D,26E,30V,115N,56F,83V,42L,81N,156C,40K,28D,150V,163I,85I,159K,13F,148K,25C,27N,98K,31L,15I,55D,162F
model.000.19.pdb,model.000.05.pdb,22E,23C,98K,89C,84C,31L,20H,56F
model.000.19.pdb,model.000.06.pdb,29L,151D,153I,157D,162F,161G,155K,164I,96N,149A,26E,159K,160D,115N,152G,42L,156C,40K,28D,97G,150V,158C,95G,13F,148K,25C,163I,27N,24K
model.000.19.pdb,model.000.07.pdb,29L,82N,151D,84C,24K,164I,80V,149A,26E,30V,152G,83V,42L,81N,40K,28D,163I,13F,25C,27N,31L,55D
model.000.19.pdb,model.000.08.pdb,20H,89C,56F,98K
model.000.19.pdb,model.000.09.pdb,20H,17M
model.000.19.pdb,model.000.10.pdb,17M,123Q,127K,128C,125Q,20H,121N,94C
model.000.19.pdb,model.000.11.pdb,29L,82N,124D,151D,153I,157D,84C,24K,128C,161G,160D,96N,164I,94C,149A,26E,22E,30V,80V,115N,127K,99C,121N,155K,152G,83V,42L,81N,156C,40K,28D,97G,150V,125Q,163I,85I,95G,93T,17M,159K,148K,27N,98K,129S,15I,55D,158C,162F
model.000.19.pdb,model.000.12.pdb,29L,82N,151D,37C,153I,157D,84C,24K,161G,155K,164I,96N,149A,26E,22E,30V,160D,115N,99C,56F,152G,83V,42L,81N,156C,40K,28D,97G,150V,163I,95G,17M,159K,13F,148K,25C,27N,23C,98K,31L,15I,55D,158C,162F
model.000.19.pdb,model.000.13.pdb,37C,89C,31L,20H,91Q,85I,56F
model.000.19.pdb,model.000.14.pdb,124D,91Q,129S,127K,125Q,20H,93T,121N,123Q
model.000.19.pdb,model.000.15.pdb,29L,82N,151D,157D,84C,162F,155K,164I,26E,30V,152G,83V,42L,81N,40K,28D,150V,163I,13F,27N,31L,55D,24K
model.000.19.pdb,model.000.16.pdb,29L,13F,26E,156C,28D,159K,27N,24K,163I,164I
model.000.19.pdb,model.000.17.pdb,17M,124D,22E,98K,20H,121N,123Q
model.000.19.pdb,model.000.18.pdb,29L,82N,151D,37C,153I,84C,24K,128C,96N,94C,26E,22E,89C,30V,80V,115N,99C,20H,56F,155K,152G,83V,42L,81N,40K,28D,97G,150V,91Q,85I,95G,93T,17M,13F,25C,27N,23C,98K,31L,15I,55D
model.000.19.pdb,model.000.19.pdb,37C,89C,31L,20H,85I,56F
model.000.19.pdb,model.000.20.pdb,29L,82N,124D,151D,153I,84C,30V,128C,96N,94C,149A,123Q,26E,22E,89C,24K,80V,115N,127K,99C,121N,56F,155K,152G,83V,42L,81N,156C,40K,28D,97G,150V,125Q,129S,91Q,85I,95G,93T,17M,13F,148K,27N,23C,98K,31L,15I,55D
model.000.19.pdb,model.000.21.pdb,20H,89C,85I,56F,23C
model.000.19.pdb,model.000.22.pdb,17M,123Q,125Q,129S,20H,121N,124D
model.000.19.pdb,model.000.23.pdb,29L,82N,151D,153I,157D,161G,162F,163I,155K,164I,160D,30V,149A,26E,22E,24K,115N,99C,20H,96N,152G,83V,42L,81N,156C,40K,28D,97G,150V,158C,85I,95G,17M,159K,13F,148K,25C,27N,98K,15I,55D
model.000.19.pdb,model.000.24.pdb,29L,42L,26E,37C,40K,28D,27N,163I,164I,13F
model.000.19.pdb,model.000.25.pdb,29L,82N,151D,153I,84C,24K,128C,96N,94C,26E,22E,89C,30V,80V,115N,99C,56F,152G,83V,42L,81N,40K,28D,97G,150V,129S,91Q,85I,95G,93T,17M,25C,27N,98K,31L,55D
model.000.19.pdb,model.000.26.pdb,29L,82N,124D,151D,153I,84C,30V,128C,96N,80V,22E,89C,24K,94C,115N,127K,152G,83V,42L,81N,40K,28D,97G,150V,129S,91Q,85I,95G,93T,17M,27N,98K,31L,15I,55D
model.000.19.pdb,model.000.27.pdb,29L,82N,83V,42L,26E,25C,37C,40K,28D,30V,84C,27N,31L,55D,56F
model.000.19.pdb,model.000.28.pdb,82N,83V,81N,84C,55D,91Q,80V,93T
model.000.19.pdb,model.000.29.pdb,29L,82N,151D,37C,153I,157D,84C,24K,161G,155K,164I,80V,149A,26E,22E,30V,160D,115N,96N,152G,83V,42L,81N,156C,40K,28D,97G,150V,163I,95G,93T,13F,148K,25C,27N,23C,98K,129S,31L,55D,158C
model.000.20.pdb,model.000.00.pdb,29L,82N,151D,24K,96N,80V,42L,26E,113S,30V,115N,83V,54G,81N,40K,28D,97G,79M,95G,17M,25C,27N,98K,55D
model.000.20.pdb,model.000.01.pdb,13F,26E,156C,27N,170C,164I
model.000.20.pdb,model.000.02.pdb,17M,134T,154Y,135K,132G,133E,130K
model.000.20.pdb,model.000.03.pdb,29L,82N,151D,153I,30V,96N,80V,54G,22E,24K,115N,152G,83V,42L,81N,40K,28D,97G,150V,79M,95G,17M,25C,27N,98K,15I,55D
model.000.20.pdb,model.000.04.pdb,29L,82N,151D,153I,157D,161G,24K,158C,155K,164I,160D,42L,26E,30V,115N,83V,54G,81N,156C,40K,28D,154Y,150V,163I,79M,159K,13F,148K,25C,27N,98K,15I,55D,162F
model.000.20.pdb,model.000.05.pdb,98K,22E
model.000.20.pdb,model.000.06.pdb,29L,151D,153I,157D,162F,161G,155K,164I,96N,149A,26E,159K,160D,117G,115N,133E,152G,42L,156C,40K,28D,154Y,97G,150V,158C,95G,13F,148K,25C,134T,163I,27N,118K,116I,24K
model.000.20.pdb,model.000.07.pdb,29L,82N,151D,170C,24K,164I,80V,42L,149A,26E,30V,152G,83V,54G,81N,40K,28D,163I,79M,13F,25C,27N,55D
model.000.20.pdb,model.000.08.pdb,98K
model.000.20.pdb,model.000.09.pdb,17M,113S,134T,154Y,135K,132G,133E
model.000.20.pdb,model.000.10.pdb,117G,17M,113S,134T,119V,135K,131D,118K,133E,130K,132G
model.000.20.pdb,model.000.11.pdb,29L,82N,151D,153I,157D,161G,170C,162F,163I,96N,164I,80V,30V,149A,26E,98K,113S,22E,159K,160D,117G,115N,131D,155K,152G,83V,42L,81N,156C,40K,28D,97G,150V,158C,79M,95G,17M,148K,27N,114C,118K,132G,15I,55D,130K,116I,24K
model.000.20.pdb,model.000.12.pdb,29L,82N,151D,153I,157D,161G,170C,162F,163I,96N,164I,160D,30V,149A,26E,98K,113S,22E,159K,117G,115N,131D,133E,155K,152G,83V,54G,81N,156C,40K,28D,154Y,97G,42L,150V,158C,79M,95G,17M,13F,148K,25C,134T,27N,114C,118K,132G,15I,55D,116I,24K
model.000.20.pdb,model.000.13.pdb,79M
model.000.20.pdb,model.000.14.pdb,113S,114C,131D,130K,119V
model.000.20.pdb,model.000.15.pdb,29L,82N,151D,157D,162F,155K,164I,42L,26E,30V,152G,83V,54G,81N,40K,28D,150V,163I,79M,13F,27N,55D,24K
model.000.20.pdb,model.000.16.pdb,29L,13F,26E,156C,28D,159K,27N,170C,24K,163I,164I
model.000.20.pdb,model.000.17.pdb,17M,98K,113S,22E,134T,119V,135K,114C,130K,118K,133E,154Y,132G
model.000.20.pdb,model.000.18.pdb,29L,82N,151D,153I,24K,96N,155K,42L,26E,98K,113S,22E,30V,80V,115N,152G,83V,54G,81N,40K,28D,97G,150V,79M,95G,17M,13F,25C,27N,114C,15I,55D,116I
model.000.20.pdb,model.000.19.pdb,No common_epitopes
model.000.20.pdb,model.000.20.pdb,29L,82N,151D,153I,24K,96N,155K,42L,149A,26E,22E,30V,80V,117G,115N,131D,152G,83V,54G,81N,156C,40K,28D,154Y,97G,150V,79M,95G,17M,13F,148K,27N,98K,132G,15I,55D,116I,118K
model.000.20.pdb,model.000.21.pdb,135K
model.000.20.pdb,model.000.22.pdb,117G,17M,130K,113S,134T,119V,135K,114C,131D,118K,133E,154Y,132G
model.000.20.pdb,model.000.23.pdb,29L,82N,151D,153I,157D,161G,170C,162F,158C,155K,164I,160D,30V,149A,26E,22E,24K,117G,115N,96N,131D,152G,83V,54G,81N,156C,40K,28D,154Y,97G,42L,150V,163I,95G,17M,159K,13F,148K,25C,27N,98K,15I,55D,116I,118K
model.000.20.pdb,model.000.24.pdb,29L,42L,26E,40K,28D,27N,170C,163I,164I,13F
model.000.20.pdb,model.000.25.pdb,29L,82N,151D,153I,24K,96N,80V,42L,26E,22E,30V,117G,115N,131D,152G,83V,54G,81N,40K,28D,97G,150V,79M,95G,17M,25C,27N,98K,55D,116I,118K
model.000.20.pdb,model.000.26.pdb,29L,82N,151D,153I,30V,96N,80V,98K,113S,22E,24K,117G,115N,152G,83V,42L,81N,40K,28D,154Y,97G,150V,79M,95G,17M,27N,114C,15I,55D,116I
model.000.20.pdb,model.000.27.pdb,29L,82N,83V,42L,26E,25C,40K,28D,30V,27N,55D,79M,54G
model.000.20.pdb,model.000.28.pdb,82N,83V,54G,81N,55D,79M,80V
model.000.20.pdb,model.000.29.pdb,29L,82N,151D,153I,157D,161G,170C,24K,163I,155K,164I,80V,42L,149A,26E,98K,22E,30V,160D,117G,115N,96N,131D,152G,83V,54G,81N,156C,40K,28D,97G,150V,158C,79M,95G,13F,148K,25C,27N,114C,132G,55D,130K,116I,118K
model.000.21.pdb,model.000.00.pdb,17M
model.000.21.pdb,model.000.01.pdb,10K,35E,139K,38E,34E,37C,5V,3V,4T,7T,32V,6D,36T,8V,9C,33N,2K
model.000.21.pdb,model.000.02.pdb,104S,136C,100I,106P,5V,3V,102D,109T,135K,7T,105N,20H,16Q,101L,139K,107V,4T,18S,137S,111V,19G,103T,2K,17M,6D,21L,108K
model.000.21.pdb,model.000.03.pdb,20H,17M,88E
model.000.21.pdb,model.000.04.pdb,38E
model.000.21.pdb,model.000.05.pdb,104S,35E,100I,106P,3V,102D,109T,10K,7T,103T,20H,101L,34E,107V,32V,36T,21L,105N,2K,33N,88E,19G,108K
model.000.21.pdb,model.000.06.pdb,No common_epitopes
model.000.21.pdb,model.000.07.pdb,38E
model.000.21.pdb,model.000.08.pdb,104S,35E,100I,106P,3V,102D,10K,7T,103T,20H,101L,34E,107V,4T,32V,36T,105N,2K,6D,108K,33N,88E,8V
model.000.21.pdb,model.000.09.pdb,104S,136C,100I,5V,3V,102D,109T,135K,7T,103T,20H,16Q,139K,107V,4T,18S,137S,111V,19G,105N,2K,17M,6D,108K,21L,8V
model.000.21.pdb,model.000.10.pdb,104S,136C,100I,106P,5V,3V,102D,109T,135K,7T,105N,20H,16Q,101L,34E,139K,107V,4T,18S,137S,111V,19G,103T,2K,17M,6D,21L,108K
model.000.21.pdb,model.000.11.pdb,18S,17M
model.000.21.pdb,model.000.12.pdb,10K,17M,136C,37C,18S,32V,36T,38E
model.000.21.pdb,model.000.13.pdb,104S,35E,100I,106P,37C,3V,102D,109T,10K,38E,7T,103T,20H,101L,34E,107V,32V,36T,105N,2K,6D,108K,33N,88E,8V
model.000.21.pdb,model.000.14.pdb,104S,109T,100I,18S,107V,106P,101L,102D,105N,111V,20H,21L,108K,19G,103T,2K
model.000.21.pdb,model.000.15.pdb,38E
model.000.21.pdb,model.000.16.pdb,8V,10K,9C,139K,38E
model.000.21.pdb,model.000.17.pdb,104S,136C,100I,106P,5V,3V,102D,109T,135K,7T,105N,20H,16Q,101L,34E,139K,107V,4T,18S,137S,111V,19G,103T,2K,17M,6D,21L
model.000.21.pdb,model.000.18.pdb,20H,37C,17M,18S,34E
model.000.21.pdb,model.000.19.pdb,104S,35E,106P,37C,5V,3V,102D,10K,38E,7T,103T,20H,101L,34E,139K,107V,4T,137S,32V,36T,105N,2K,6D,108K,33N,88E,21L,8V
model.000.21.pdb,model.000.20.pdb,17M,16Q
model.000.21.pdb,model.000.21.pdb,104S,35E,136C,100I,106P,5V,3V,102D,109T,10K,9C,135K,7T,105N,20H,16Q,101L,34E,139K,107V,4T,18S,137S,32V,36T,19G,103T,2K,6D,108K,33N,88E,21L,8V
model.000.21.pdb,model.000.22.pdb,104S,136C,100I,106P,5V,3V,102D,109T,135K,7T,103T,20H,16Q,101L,139K,107V,4T,18S,137S,111V,19G,105N,2K,17M,6D,21L,108K
model.000.21.pdb,model.000.23.pdb,20H,17M,38E
model.000.21.pdb,model.000.24.pdb,10K,37C,9C,36T,38E
model.000.21.pdb,model.000.25.pdb,17M,32V,88E
model.000.21.pdb,model.000.26.pdb,17M
model.000.21.pdb,model.000.27.pdb,37C,38E
model.000.21.pdb,model.000.28.pdb,No common_epitopes
model.000.21.pdb,model.000.29.pdb,18S,37C
model.000.22.pdb,model.000.00.pdb,113S,98K,17M
model.000.22.pdb,model.000.01.pdb,138L,34E,141L,140C,6D,4T,5V,3V,7T,139K,33N,2K
model.000.22.pdb,model.000.02.pdb,104S,141L,136C,100I,5V,3V,102D,109T,135K,7T,103T,133E,20H,16Q,132G,101L,139K,4T,154Y,18S,137S,111V,19G,105N,2K,122V,17M,6D,134T,120P,126N,21L,130K
model.000.22.pdb,model.000.03.pdb,20H,17M,98K
model.000.22.pdb,model.000.04.pdb,98K,159K,154Y
model.000.22.pdb,model.000.05.pdb,104S,101L,100I,34E,86P,33N,77Y,3V,102D,7T,103T,109T,20H,19G,98K,21L,105N,2K
model.000.22.pdb,model.000.06.pdb,134T,159K,154Y,117G,118K,133E,146T,116I
model.000.22.pdb,model.000.07.pdb,No common_epitopes
model.000.22.pdb,model.000.08.pdb,104S,101L,6D,100I,34E,86P,4T,33N,77Y,3V,102D,7T,103T,20H,98K,105N,2K
model.000.22.pdb,model.000.09.pdb,104S,138L,141L,136C,100I,5V,3V,102D,109T,113S,135K,7T,105N,133E,20H,16Q,139K,4T,154Y,18S,137S,111V,19G,103T,2K,17M,6D,134T,132G,21L
model.000.22.pdb,model.000.10.pdb,104S,136C,100I,5V,3V,102D,118K,7T,109T,135K,123Q,113S,117G,131D,105N,133E,20H,121N,16Q,126N,101L,34E,139K,4T,119V,18S,137S,111V,21L,103T,2K,122V,17M,6D,134T,120P,132G,19G,112C,130K
model.000.22.pdb,model.000.11.pdb,17M,98K,113S,159K,117G,18S,131D,118K,146T,130K,121N,116I,132G
model.000.22.pdb,model.000.12.pdb,147C,17M,136C,98K,113S,134T,159K,154Y,117G,18S,131D,118K,133E,146T,116I,132G
model.000.22.pdb,model.000.13.pdb,104S,109T,6D,100I,101L,86P,33N,77Y,3V,102D,7T,103T,34E,20H,105N,2K
model.000.22.pdb,model.000.14.pdb,104S,100I,102D,109T,123Q,113S,131D,103T,20H,121N,101L,119V,18S,111V,19G,105N,2K,122V,120P,126N,21L,112C,130K
model.000.22.pdb,model.000.15.pdb,No common_epitopes
model.000.22.pdb,model.000.16.pdb,138L,139K,140C,141L,159K
model.000.22.pdb,model.000.17.pdb,104S,136C,100I,5V,3V,102D,118K,109T,123Q,113S,77Y,135K,7T,105N,133E,20H,121N,16Q,132G,101L,34E,139K,4T,119V,18S,137S,111V,154Y,19G,103T,2K,122V,17M,6D,134T,120P,98K,126N,21L,112C,130K
model.000.22.pdb,model.000.18.pdb,34E,17M,18S,113S,98K,20H,116I
model.000.22.pdb,model.000.19.pdb,104S,101L,139K,34E,86P,4T,5V,77Y,3V,102D,137S,7T,105N,33N,6D,20H,21L,103T,2K
model.000.22.pdb,model.000.20.pdb,17M,123Q,126N,116I,154Y,117G,98K,131D,132G,121N,16Q,118K
model.000.22.pdb,model.000.21.pdb,104S,138L,136C,100I,86P,5V,3V,102D,109T,77Y,135K,7T,105N,20H,16Q,101L,34E,139K,4T,18S,137S,19G,103T,2K,6D,33N,21L
model.000.22.pdb,model.000.22.pdb,104S,136C,100I,5V,3V,102D,118K,7T,109T,117G,123Q,113S,135K,131D,103T,133E,20H,121N,16Q,126N,101L,139K,4T,119V,18S,137S,111V,154Y,19G,105N,2K,122V,17M,6D,134T,120P,132G,21L,112C,130K
model.000.22.pdb,model.000.23.pdb,17M,159K,154Y,117G,98K,131D,118K,20H,116I
model.000.22.pdb,model.000.24.pdb,No common_epitopes
model.000.22.pdb,model.000.25.pdb,17M,117G,98K,131D,118K,112C,116I
model.000.22.pdb,model.000.26.pdb,17M,113S,77Y,154Y,117G,98K,116I
model.000.22.pdb,model.000.27.pdb,No common_epitopes
model.000.22.pdb,model.000.28.pdb,77Y
model.000.22.pdb,model.000.29.pdb,98K,117G,18S,131D,118K,146T,130K,116I,132G
model.000.23.pdb,model.000.00.pdb,29L,82N,53C,43K,151D,72K,41V,84C,24K,96N,80V,68S,42L,113S,67V,30V,94C,115N,99C,44C,71C,56F,73C,83V,54G,81N,69Y,40K,28D,97G,52P,79M,95G,17M,57S,25C,27N,66P,98K,31L,55D,70A
model.000.23.pdb,model.000.01.pdb,37C,32V,27N
model.000.23.pdb,model.000.02.pdb,17M
model.000.23.pdb,model.000.03.pdb,29L,82N,53C,151D,153I,84C,30V,96N,80V,68S,54G,22E,24K,94C,115N,99C,71C,56F,152G,83V,42L,81N,69Y,40K,28D,97G,150V,79M,91Q,95G,93T,17M,57S,25C,27N,23C,98K,31L,55D,70A
model.000.23.pdb,model.000.04.pdb,29L,82N,53C,43K,151D,153I,41V,84C,30V,54G,24K,115N,44C,71C,56F,83V,42L,81N,40K,28D,150V,79M,57S,25C,27N,98K,31L,55D
model.000.23.pdb,model.000.05.pdb,73C,22E,72K,23C,98K,32V,31L,84C,56F
model.000.23.pdb,model.000.06.pdb,97G,149A,29L,152G,42L,151D,40K,28D,153I,117G,27N,115N,150V,24K,25C,96N,116I,95G,118K
model.000.23.pdb,model.000.07.pdb,29L,82N,53C,43K,151D,72K,41V,84C,24K,80V,54G,149A,30V,44C,71C,73C,152G,83V,42L,81N,40K,28D,52P,79M,57S,25C,27N,31L,55D,70A
model.000.23.pdb,model.000.08.pdb,73C,57S,72K,98K,32V,71C,70A,56F
model.000.23.pdb,model.000.09.pdb,113S,17M
model.000.23.pdb,model.000.10.pdb,17M,113S,117G,118K,128C,94C
model.000.23.pdb,model.000.11.pdb,29L,82N,151D,153I,84C,118K,128C,96N,80V,30V,149A,114C,113S,22E,24K,94C,117G,115N,99C,152G,83V,42L,81N,40K,28D,97G,150V,79M,95G,93T,17M,27N,98K,55D,116I
model.000.23.pdb,model.000.12.pdb,29L,82N,53C,43K,151D,37C,153I,84C,118K,96N,30V,149A,114C,113S,22E,24K,117G,115N,99C,56F,152G,83V,54G,81N,40K,28D,97G,42L,32V,55D,79M,95G,17M,57S,25C,27N,23C,98K,31L,150V,116I
model.000.23.pdb,model.000.13.pdb,73C,37C,72K,32V,31L,52P,79M,91Q,56F
model.000.23.pdb,model.000.14.pdb,113S,114C,91Q,93T
model.000.23.pdb,model.000.15.pdb,29L,82N,53C,43K,151D,41V,84C,24K,54G,30V,44C,71C,73C,152G,83V,42L,81N,40K,28D,150V,79M,57S,27N,31L,55D
model.000.23.pdb,model.000.16.pdb,27N,29L,41V,24K,28D
model.000.23.pdb,model.000.17.pdb,17M,98K,113S,22E,114C,118K
model.000.23.pdb,model.000.18.pdb,29L,82N,53C,151D,37C,72K,153I,41V,84C,24K,128C,96N,80V,42L,114C,113S,22E,30V,94C,115N,99C,71C,56F,73C,152G,83V,54G,81N,40K,28D,97G,150V,79M,91Q,95G,93T,17M,57S,25C,27N,23C,98K,31L,55D,116I
model.000.23.pdb,model.000.19.pdb,37C,72K,52P,31L,32V,56F
model.000.23.pdb,model.000.20.pdb,29L,82N,53C,43K,151D,153I,84C,118K,128C,96N,80V,30V,149A,22E,24K,94C,117G,115N,99C,71C,56F,152G,83V,54G,81N,40K,28D,97G,42L,150V,79M,91Q,95G,93T,17M,27N,23C,98K,31L,55D,116I
model.000.23.pdb,model.000.21.pdb,32V,56F,23C
model.000.23.pdb,model.000.22.pdb,113S,117G,17M,118K,114C
model.000.23.pdb,model.000.23.pdb,29L,82N,53C,151D,153I,41V,24K,96N,42L,149A,22E,30V,117G,115N,99C,71C,152G,83V,54G,81N,40K,28D,97G,150V,95G,17M,25C,27N,98K,55D,116I,118K
model.000.23.pdb,model.000.24.pdb,29L,43K,37C,40K,28D,27N,41V,52P,42L
model.000.23.pdb,model.000.25.pdb,29L,82N,53C,43K,151D,72K,153I,84C,118K,128C,96N,80V,30V,22E,24K,94C,117G,115N,99C,44C,71C,56F,152G,83V,54G,81N,69Y,40K,28D,97G,42L,32V,55D,79M,91Q,95G,93T,17M,57S,25C,27N,116I,98K,31L,150V,70A
model.000.23.pdb,model.000.26.pdb,29L,82N,53C,43K,151D,153I,41V,84C,30V,128C,96N,80V,98K,113S,22E,24K,94C,117G,115N,44C,152G,83V,42L,81N,40K,28D,97G,150V,79M,91Q,95G,93T,17M,27N,114C,31L,55D,116I
model.000.23.pdb,model.000.27.pdb,29L,82N,53C,43K,37C,72K,41V,84C,68S,42L,67V,30V,44C,71C,56F,73C,83V,54G,69Y,40K,28D,79M,57S,25C,27N,31L,55D,70A
model.000.23.pdb,model.000.28.pdb,73C,82N,53C,54G,81N,57S,91Q,67V,69Y,72K,66P,84C,70A,55D,44C,83V,79M,71C,80V,68S,93T
model.000.23.pdb,model.000.29.pdb,29L,82N,53C,151D,37C,153I,84C,118K,96N,80V,30V,149A,114C,22E,24K,117G,115N,44C,71C,152G,83V,54G,81N,40K,28D,97G,42L,150V,79M,95G,93T,57S,25C,27N,23C,98K,31L,55D,116I
model.000.24.pdb,model.000.00.pdb,29L,43K,26E,47K,40K,28D,27N,41V,52P,44C,45D,42L
model.000.24.pdb,model.000.01.pdb,10K,35E,38E,26E,12G,37C,27N,39E,32V,11R,36T,8V,9C
model.000.24.pdb,model.000.02.pdb,No common_epitopes
model.000.24.pdb,model.000.03.pdb,29L,40K,42L,27N,28D
model.000.24.pdb,model.000.04.pdb,29L,43K,26E,40K,28D,27N,39E,41V,42L,11R,44C,38E
model.000.24.pdb,model.000.05.pdb,50N,10K,35E,32V,36T
model.000.24.pdb,model.000.06.pdb,29L,42L,26E,12G,40K,28D,27N,39E,11R
model.000.24.pdb,model.000.07.pdb,29L,43K,26E,47K,40K,51K,27N,28D,39E,41V,42L,11R,44C,52P,48T,38E
model.000.24.pdb,model.000.08.pdb,50N,10K,51K,35E,32V,36T,8V,49V
model.000.24.pdb,model.000.09.pdb,8V
model.000.24.pdb,model.000.10.pdb,No common_epitopes
model.000.24.pdb,model.000.11.pdb,29L,42L,26E,40K,28D,27N
model.000.24.pdb,model.000.12.pdb,10K,29L,43K,26E,37C,40K,28D,27N,42L,32V,11R,36T,38E
model.000.24.pdb,model.000.13.pdb,50N,10K,35E,38E,37C,32V,52P,36T,8V
model.000.24.pdb,model.000.14.pdb,No common_epitopes
model.000.24.pdb,model.000.15.pdb,29L,43K,26E,47K,40K,28D,27N,39E,41V,42L,11R,44C,48T,45D,38E
model.000.24.pdb,model.000.16.pdb,10K,29L,38E,26E,12G,9C,51K,27N,28D,39E,41V,11R,8V
model.000.24.pdb,model.000.17.pdb,No common_epitopes
model.000.24.pdb,model.000.18.pdb,29L,42L,26E,37C,40K,28D,27N,41V
model.000.24.pdb,model.000.19.pdb,50N,10K,51K,38E,37C,35E,32V,11R,52P,36T,8V
model.000.24.pdb,model.000.20.pdb,29L,43K,26E,40K,28D,27N,42L
model.000.24.pdb,model.000.21.pdb,10K,35E,9C,32V,36T,8V
model.000.24.pdb,model.000.22.pdb,No common_epitopes
model.000.24.pdb,model.000.23.pdb,29L,42L,26E,40K,51K,27N,28D,39E,41V,11R,38E
model.000.24.pdb,model.000.24.pdb,10K,29L,43K,26E,12G,47K,37C,40K,51K,27N,28D,39E,41V,42L,11R,52P,36T,48T,9C,38E
model.000.24.pdb,model.000.25.pdb,29L,43K,26E,40K,28D,27N,32V,44C,45D,42L
model.000.24.pdb,model.000.26.pdb,29L,43K,40K,28D,27N,41V,44C,42L
model.000.24.pdb,model.000.27.pdb,29L,43K,26E,47K,37C,40K,51K,27N,28D,39E,41V,42L,11R,44C,48T,45D,38E
model.000.24.pdb,model.000.28.pdb,44C
model.000.24.pdb,model.000.29.pdb,29L,42L,26E,37C,40K,28D,27N,39E,11R,44C
model.000.25.pdb,model.000.00.pdb,29L,82N,151D,24K,96N,80V,26E,30V,94C,115N,99C,83V,42L,81N,40K,28D,97G,85I,95G,25C,27N,98K,31L,55D
model.000.25.pdb,model.000.01.pdb,27N,156C,164I,13F,26E
model.000.25.pdb,model.000.02.pdb,133E,132G,130K
model.000.25.pdb,model.000.03.pdb,29L,82N,151D,153I,30V,96N,80V,92V,24K,94C,115N,99C,152G,83V,42L,81N,40K,28D,97G,150V,85I,95G,93T,25C,27N,98K,31L,55D
model.000.25.pdb,model.000.04.pdb,29L,82N,151D,153I,157D,161G,24K,158C,155K,164I,160D,26E,30V,115N,83V,42L,81N,156C,40K,28D,150V,163I,85I,159K,13F,148K,25C,27N,98K,31L,55D,162F
model.000.25.pdb,model.000.05.pdb,98K,31L
model.000.25.pdb,model.000.06.pdb,29L,151D,153I,157D,162F,161G,155K,164I,96N,149A,26E,159K,160D,117G,115N,133E,152G,42L,156C,40K,28D,97G,150V,158C,95G,13F,148K,25C,163I,27N,118K,116I,24K
model.000.25.pdb,model.000.07.pdb,149A,29L,82N,83V,42L,26E,151D,40K,28D,30V,81N,27N,152G,24K,25C,31L,55D,163I,164I,80V,13F
model.000.25.pdb,model.000.08.pdb,98K
model.000.25.pdb,model.000.09.pdb,133E,132G
model.000.25.pdb,model.000.10.pdb,127K,117G,131D,118K,128C,133E,130K,94C,92V,132G
model.000.25.pdb,model.000.11.pdb,29L,82N,124D,151D,153I,157D,30V,128C,161G,160D,96N,164I,94C,92V,149A,26E,24K,80V,117G,115N,127K,99C,131D,155K,152G,83V,42L,81N,156C,40K,28D,97G,150V,163I,85I,95G,93T,159K,148K,27N,98K,129S,118K,132G,55D,158C,130K,116I,162F
model.000.25.pdb,model.000.12.pdb,147C,29L,82N,151D,153I,157D,30V,161G,96N,164I,160D,149A,26E,24K,117G,115N,99C,133E,131D,155K,152G,83V,42L,81N,156C,40K,28D,97G,150V,163I,95G,159K,13F,148K,25C,27N,98K,118K,132G,31L,55D,158C,116I,162F
model.000.25.pdb,model.000.13.pdb,85I,31L
model.000.25.pdb,model.000.14.pdb,124D,127K,131D,129S,130K,92V,93T
model.000.25.pdb,model.000.15.pdb,29L,82N,151D,157D,162F,155K,164I,26E,30V,152G,83V,42L,81N,40K,28D,150V,163I,13F,27N,31L,55D,24K
model.000.25.pdb,model.000.16.pdb,29L,13F,26E,156C,28D,159K,27N,24K,163I,164I
model.000.25.pdb,model.000.17.pdb,124D,98K,118K,132G,133E,130K
model.000.25.pdb,model.000.18.pdb,29L,82N,151D,153I,24K,128C,96N,94C,92V,26E,30V,80V,115N,99C,155K,152G,83V,42L,81N,40K,28D,97G,150V,85I,95G,93T,13F,25C,27N,98K,31L,55D,116I
model.000.25.pdb,model.000.19.pdb,85I,31L
model.000.25.pdb,model.000.20.pdb,29L,82N,124D,151D,127K,153I,118K,128C,96N,94C,92V,30V,149A,26E,24K,80V,117G,115N,99C,131D,155K,152G,83V,42L,81N,156C,40K,28D,97G,150V,129S,85I,95G,93T,13F,148K,27N,98K,132G,31L,55D,116I
model.000.25.pdb,model.000.21.pdb,85I
model.000.25.pdb,model.000.22.pdb,124D,117G,131D,132G,133E,129S,130K,118K
model.000.25.pdb,model.000.23.pdb,29L,82N,151D,153I,157D,30V,161G,155K,164I,96N,149A,26E,24K,160D,117G,115N,99C,131D,152G,83V,42L,81N,156C,40K,28D,97G,150V,163I,85I,95G,159K,13F,148K,25C,27N,98K,118K,55D,158C,116I,162F
model.000.25.pdb,model.000.24.pdb,29L,42L,26E,40K,28D,27N,163I,164I,13F
model.000.25.pdb,model.000.25.pdb,29L,82N,151D,153I,118K,128C,96N,94C,92V,30V,26E,24K,80V,117G,115N,131D,99C,152G,83V,42L,81N,40K,28D,97G,150V,129S,85I,95G,93T,25C,27N,98K,31L,55D,116I
model.000.25.pdb,model.000.26.pdb,29L,82N,124D,151D,153I,30V,128C,96N,80V,92V,24K,94C,117G,115N,127K,152G,83V,42L,81N,40K,28D,97G,150V,129S,85I,95G,93T,27N,98K,31L,55D,116I
model.000.25.pdb,model.000.27.pdb,29L,82N,83V,42L,26E,25C,40K,28D,30V,27N,31L,55D
model.000.25.pdb,model.000.28.pdb,82N,83V,81N,55D,80V,93T
model.000.25.pdb,model.000.29.pdb,29L,82N,151D,153I,157D,118K,161G,155K,164I,80V,30V,149A,26E,24K,160D,117G,115N,96N,131D,152G,83V,42L,81N,156C,40K,28D,97G,150V,163I,95G,93T,13F,148K,25C,27N,98K,129S,132G,31L,55D,158C,116I,130K
model.000.26.pdb,model.000.00.pdb,No common_epitopes
model.000.26.pdb,model.000.01.pdb,2K
model.000.26.pdb,model.000.02.pdb,104S,110G,100I,122V,107V,106P,111V,101L,120P,102D,103T,126N,109T,133E,19G,108K,105N,2K
model.000.26.pdb,model.000.03.pdb,91Q,88E,92V,93T
model.000.26.pdb,model.000.04.pdb,No common_epitopes
model.000.26.pdb,model.000.05.pdb,104S,110G,100I,107V,106P,101L,87N,102D,103T,88E,109T,19G,108K,105N,2K
model.000.26.pdb,model.000.06.pdb,133E
model.000.26.pdb,model.000.07.pdb,No common_epitopes
model.000.26.pdb,model.000.08.pdb,104S,101L,100I,107V,106P,87N,102D,103T,88E,108K,105N,2K
model.000.26.pdb,model.000.09.pdb,104S,110G,100I,107V,111V,102D,103T,109T,133E,19G,108K,105N,2K
model.000.26.pdb,model.000.10.pdb,104S,110G,100I,106P,125Q,102D,92V,109T,123Q,127K,105N,133E,121N,101L,107V,119V,111V,103T,2K,122V,120P,126N,19G,112C,108K
model.000.26.pdb,model.000.11.pdb,124D,127K,125Q,129S,121N,92V,93T
model.000.26.pdb,model.000.12.pdb,133E
model.000.26.pdb,model.000.13.pdb,104S,109T,100I,107V,106P,101L,87N,102D,103T,88E,108K,91Q,105N,2K
model.000.26.pdb,model.000.14.pdb,104S,110G,124D,100I,106P,125Q,102D,92V,109T,123Q,127K,105N,93T,121N,101L,107V,119V,111V,129S,91Q,103T,2K,122V,120P,126N,19G,112C,108K
model.000.26.pdb,model.000.15.pdb,No common_epitopes
model.000.26.pdb,model.000.16.pdb,No common_epitopes
model.000.26.pdb,model.000.17.pdb,104S,109T,112C,124D,100I,122V,107V,106P,101L,120P,119V,102D,103T,126N,111V,133E,19G,2K,121N,105N,123Q
model.000.26.pdb,model.000.18.pdb,91Q,92V,93T
model.000.26.pdb,model.000.19.pdb,104S,101L,107V,106P,87N,102D,103T,88E,108K,105N,2K
model.000.26.pdb,model.000.20.pdb,124D,123Q,91Q,127K,126N,125Q,129S,121N,92V,93T
model.000.26.pdb,model.000.21.pdb,104S,109T,100I,107V,106P,101L,87N,102D,103T,88E,19G,108K,105N,2K
model.000.26.pdb,model.000.22.pdb,104S,110G,124D,100I,106P,125Q,102D,109T,123Q,105N,133E,121N,101L,107V,119V,111V,129S,103T,2K,122V,120P,126N,19G,112C,108K
model.000.26.pdb,model.000.23.pdb,No common_epitopes
model.000.26.pdb,model.000.24.pdb,No common_epitopes
model.000.26.pdb,model.000.25.pdb,88E,129S,112C,91Q,92V,93T
model.000.26.pdb,model.000.26.pdb,124D,127K,129S,91Q,92V,93T
model.000.26.pdb,model.000.27.pdb,No common_epitopes
model.000.26.pdb,model.000.28.pdb,87N,91Q,93T
model.000.26.pdb,model.000.29.pdb,129S,93T
model.000.27.pdb,model.000.00.pdb,73C,26E,57S,47K,69Y,40K,72K,60I,52P,31L,45D,70A,56F
model.000.27.pdb,model.000.01.pdb,10K,35E,6D,38E,26E,12G,37C,33N,11R,39E,7T,32V,34E,36T,8V,2K
model.000.27.pdb,model.000.02.pdb,101L,7T,6D,2K
model.000.27.pdb,model.000.03.pdb,57S,69Y,40K,31L,62I,70A,56F
model.000.27.pdb,model.000.04.pdb,38E,39E,57S,26E,40K,11R,59C,31L,56F
model.000.27.pdb,model.000.05.pdb,101L,10K,35E,34E,60I,33N,77Y,72K,76G,50N,7T,32V,74N,31L,36T,2K,73C,58K,56F,75L
model.000.27.pdb,model.000.06.pdb,11R,40K,39E,26E,12G
model.000.27.pdb,model.000.07.pdb,51K,70A,38E,26E,57S,47K,11R,40K,73C,72K,39E,59C,52P,31L,48T,58K
model.000.27.pdb,model.000.08.pdb,50N,35E,51K,10K,77Y,61K,7T,58K,56F,75L,101L,34E,73C,72K,32V,36T,49V,2K,6D,57S,8V,76G,59C,33N,62I,60I,70A,74N
model.000.27.pdb,model.000.09.pdb,8V,7T,6D,2K
model.000.27.pdb,model.000.10.pdb,101L,34E,7T,6D,2K
model.000.27.pdb,model.000.11.pdb,40K,26E
model.000.27.pdb,model.000.12.pdb,10K,38E,26E,57S,37C,11R,40K,32V,31L,36T,56F
model.000.27.pdb,model.000.13.pdb,50N,35E,37C,72K,10K,38E,77Y,7T,58K,56F,75L,101L,34E,73C,32V,36T,2K,6D,8V,33N,31L,52P,60I,76G,74N
model.000.27.pdb,model.000.14.pdb,101L,2K
model.000.27.pdb,model.000.15.pdb,73C,38E,26E,57S,47K,31L,40K,39E,11R,48T,45D
model.000.27.pdb,model.000.16.pdb,10K,51K,38E,39E,12G,26E,11R,8V
model.000.27.pdb,model.000.17.pdb,101L,34E,6D,77Y,7T,2K
model.000.27.pdb,model.000.18.pdb,34E,73C,26E,57S,37C,40K,72K,74N,31L,58K,56F
model.000.27.pdb,model.000.19.pdb,50N,35E,37C,51K,10K,38E,77Y,7T,58K,56F,75L,101L,34E,31L,72K,32V,36T,2K,6D,8V,33N,11R,52P,60I,76G,74N
model.000.27.pdb,model.000.20.pdb,40K,56F,26E,31L
model.000.27.pdb,model.000.21.pdb,101L,10K,35E,6D,34E,33N,77Y,7T,32V,74N,36T,2K,8V,76G,56F,75L
model.000.27.pdb,model.000.22.pdb,101L,7T,6D,2K
model.000.27.pdb,model.000.23.pdb,51K,38E,39E,26E,40K,11R
model.000.27.pdb,model.000.24.pdb,10K,51K,38E,26E,12G,47K,37C,40K,39E,52P,11R,36T,48T,58K
model.000.27.pdb,model.000.25.pdb,26E,57S,60I,69Y,40K,72K,70A,59C,32V,31L,45D,58K,56F
model.000.27.pdb,model.000.26.pdb,40K,77Y,31L
model.000.27.pdb,model.000.27.pdb,40K,51K,38E,26E,57S,47K,37C,69Y,73C,72K,70A,39E,59C,74N,11R,62I,48T,45D,58K,56F,31L
model.000.27.pdb,model.000.28.pdb,73C,57S,69Y,77Y,72K,70A,61K,63D,62I,76G,74N,75L
model.000.27.pdb,model.000.29.pdb,26E,39E,57S,37C,11R,40K,31L
model.000.28.pdb,model.000.00.pdb,No common_epitopes
model.000.28.pdb,model.000.01.pdb,138L,145E,170C,141L,171T,140C,6D,4T,5V,169I,7T,143E,139K,14L,142K
model.000.28.pdb,model.000.02.pdb,139K,136C,6D,4T,5V,135K,137S,7T,141L
model.000.28.pdb,model.000.03.pdb,No common_epitopes
model.000.28.pdb,model.000.04.pdb,171T,159K,169I,162F,172G,14L
model.000.28.pdb,model.000.05.pdb,7T
model.000.28.pdb,model.000.06.pdb,172G,146T,162F,159K,171T
model.000.28.pdb,model.000.07.pdb,170C,169I
model.000.28.pdb,model.000.08.pdb,4T,7T,6D
model.000.28.pdb,model.000.09.pdb,138L,141L,136C,6D,4T,5V,135K,137S,7T,139K
model.000.28.pdb,model.000.10.pdb,139K,136C,4T,5V,135K,137S,7T,6D
model.000.28.pdb,model.000.11.pdb,146T,170C,162F,159K
model.000.28.pdb,model.000.12.pdb,147C,136C,159K,170C,162F,146T
model.000.28.pdb,model.000.13.pdb,7T,6D
model.000.28.pdb,model.000.14.pdb,No common_epitopes
model.000.28.pdb,model.000.15.pdb,162F
model.000.28.pdb,model.000.16.pdb,138L,145E,141L,171T,140C,159K,169I,170C,143E,144Q,139K,14L,142K
model.000.28.pdb,model.000.17.pdb,139K,136C,4T,5V,135K,137S,7T,6D
model.000.28.pdb,model.000.18.pdb,No common_epitopes
model.000.28.pdb,model.000.19.pdb,6D,4T,5V,137S,7T,139K
model.000.28.pdb,model.000.20.pdb,No common_epitopes
model.000.28.pdb,model.000.21.pdb,138L,139K,136C,4T,5V,135K,137S,7T,6D
model.000.28.pdb,model.000.22.pdb,139K,136C,4T,5V,135K,137S,7T,6D
model.000.28.pdb,model.000.23.pdb,170C,162F,159K
model.000.28.pdb,model.000.24.pdb,145E,171T,169I,170C,143E,144Q,14L,142K
model.000.28.pdb,model.000.25.pdb,No common_epitopes
model.000.28.pdb,model.000.26.pdb,No common_epitopes
model.000.28.pdb,model.000.27.pdb,No common_epitopes
model.000.28.pdb,model.000.28.pdb,No common_epitopes
model.000.28.pdb,model.000.29.pdb,145E,142K,170C,146T
model.000.29.pdb,model.000.00.pdb,25C,29L,24K,26E
model.000.29.pdb,model.000.01.pdb,145E,141L,37C,170C,164I,36T,10K,38E,26E,12G,9C,14L,139K,171T,169I,142K,6D,13F,39E,143E,11R,8V
model.000.29.pdb,model.000.02.pdb,6D,139K,141L
model.000.29.pdb,model.000.03.pdb,25C,29L,24K
model.000.29.pdb,model.000.04.pdb,29L,38E,26E,171T,25C,11R,24K,169I,39E,172G,158C,14L,164I,163I,13F
model.000.29.pdb,model.000.05.pdb,10K,36T
model.000.29.pdb,model.000.06.pdb,29L,13F,26E,12G,25C,171T,24K,11R,39E,172G,158C,164I,163I
model.000.29.pdb,model.000.07.pdb,51K,38E,26E,25C,29L,24K,169I,39E,170C,11R,163I,164I,13F
model.000.29.pdb,model.000.08.pdb,8V,10K,51K,6D,36T
model.000.29.pdb,model.000.09.pdb,6D,139K,141L,8V
model.000.29.pdb,model.000.10.pdb,6D,139K
model.000.29.pdb,model.000.11.pdb,29L,26E,24K,170C,163I,158C,164I
model.000.29.pdb,model.000.12.pdb,10K,29L,38E,26E,25C,37C,11R,24K,170C,163I,158C,36T,164I,13F
model.000.29.pdb,model.000.13.pdb,10K,6D,38E,37C,36T,8V
model.000.29.pdb,model.000.14.pdb,No common_epitopes
model.000.29.pdb,model.000.15.pdb,29L,38E,26E,24K,39E,11R,163I,164I,13F
model.000.29.pdb,model.000.16.pdb,145E,51K,141L,29L,170C,164I,10K,38E,26E,12G,9C,24K,14L,139K,171T,169I,144Q,163I,142K,13F,39E,143E,11R,8V
model.000.29.pdb,model.000.17.pdb,6D,139K
model.000.29.pdb,model.000.18.pdb,29L,13F,26E,25C,37C,24K
model.000.29.pdb,model.000.19.pdb,10K,51K,139K,38E,37C,11R,6D,36T,8V
model.000.29.pdb,model.000.20.pdb,29L,24K,26E,13F
model.000.29.pdb,model.000.21.pdb,10K,6D,9C,139K,36T,8V
model.000.29.pdb,model.000.22.pdb,6D,139K
model.000.29.pdb,model.000.23.pdb,51K,38E,26E,25C,11R,29L,24K,39E,170C,163I,158C,164I,13F
model.000.29.pdb,model.000.24.pdb,145E,51K,37C,29L,170C,164I,36T,10K,38E,26E,12G,9C,14L,171T,169I,144Q,163I,142K,13F,39E,143E,11R
model.000.29.pdb,model.000.25.pdb,25C,29L,24K,26E
model.000.29.pdb,model.000.26.pdb,29L,24K
model.000.29.pdb,model.000.27.pdb,51K,26E,39E,25C,37C,29L,11R,38E
model.000.29.pdb,model.000.28.pdb,No common_epitopes
model.000.29.pdb,model.000.29.pdb,145E,29L,13F,26E,25C,37C,11R,24K,39E,170C,163I,158C,142K,164I
