 ,model.000.00.pdb,model.000.01.pdb,model.000.02.pdb,model.000.03.pdb,model.000.04.pdb,model.000.05.pdb,model.000.06.pdb,model.000.07.pdb,model.000.08.pdb,model.000.09.pdb,model.000.10.pdb,model.000.11.pdb,model.000.12.pdb,model.000.13.pdb,model.000.14.pdb,model.000.15.pdb,model.000.16.pdb,model.000.17.pdb,model.000.18.pdb,model.000.19.pdb,model.000.20.pdb,model.000.21.pdb,model.000.22.pdb,model.000.23.pdb,model.000.24.pdb,model.000.25.pdb,model.000.26.pdb,model.000.27.pdb,model.000.28.pdb,model.000.29.pdb
model.000.00.pdb,1.000,0.057,0.072,0.456,0.292,0.024,0.125,0.230,0.087,0.750,0.011,0.025,0.076,0.656,0.084,0.429,0.667,0.024,0.012,0.119,0.036,0.014,0.458,0.069,0.421,0.492,0.034,0.034,0.024,0.197
model.000.01.pdb,0.057,1.000,0.792,0.055,0.000,0.653,0.368,0.091,0.108,0.056,0.182,0.592,0.133,0.101,0.554,0.103,0.085,0.242,0.328,0.358,0.647,0.250,0.000,0.765,0.071,0.071,0.712,0.271,0.254,0.000
model.000.02.pdb,0.072,0.792,1.000,0.057,0.000,0.638,0.370,0.097,0.079,0.071,0.145,0.609,0.123,0.106,0.537,0.084,0.077,0.200,0.283,0.360,0.702,0.222,0.013,0.720,0.074,0.087,0.667,0.232,0.212,0.000
model.000.03.pdb,0.456,0.055,0.057,1.000,0.412,0.012,0.037,0.054,0.000,0.485,0.078,0.037,0.000,0.444,0.033,0.638,0.459,0.073,0.036,0.068,0.047,0.041,0.271,0.043,0.682,0.644,0.044,0.131,0.084,0.367
model.000.04.pdb,0.292,0.000,0.000,0.412,1.000,0.000,0.013,0.043,0.043,0.301,0.123,0.000,0.000,0.273,0.000,0.408,0.259,0.025,0.000,0.014,0.000,0.000,0.339,0.000,0.400,0.319,0.000,0.035,0.063,0.617
model.000.05.pdb,0.024,0.653,0.638,0.012,0.000,1.000,0.327,0.105,0.145,0.036,0.206,0.605,0.180,0.023,0.500,0.021,0.011,0.259,0.385,0.235,0.562,0.220,0.000,0.653,0.032,0.051,0.600,0.270,0.293,0.000
model.000.06.pdb,0.125,0.368,0.370,0.037,0.013,0.327,1.000,0.429,0.250,0.078,0.013,0.222,0.400,0.147,0.630,0.044,0.111,0.029,0.113,0.500,0.333,0.018,0.076,0.472,0.011,0.053,0.400,0.055,0.059,0.000
model.000.07.pdb,0.230,0.091,0.097,0.054,0.043,0.105,0.429,1.000,0.350,0.167,0.000,0.034,0.562,0.159,0.327,0.047,0.151,0.000,0.033,0.227,0.082,0.000,0.182,0.161,0.048,0.074,0.127,0.000,0.031,0.000
model.000.08.pdb,0.087,0.108,0.079,0.000,0.043,0.145,0.250,0.350,1.000,0.055,0.074,0.053,0.613,0.039,0.255,0.023,0.050,0.049,0.125,0.059,0.048,0.000,0.121,0.143,0.024,0.014,0.092,0.060,0.119,0.036
model.000.09.pdb,0.750,0.056,0.071,0.485,0.301,0.036,0.078,0.167,0.055,1.000,0.032,0.037,0.028,0.661,0.045,0.455,0.726,0.024,0.024,0.069,0.035,0.014,0.467,0.056,0.486,0.574,0.044,0.080,0.023,0.191
model.000.10.pdb,0.011,0.182,0.145,0.078,0.123,0.206,0.013,0.000,0.074,0.032,1.000,0.162,0.045,0.021,0.143,0.038,0.040,0.627,0.491,0.000,0.133,0.127,0.024,0.123,0.071,0.034,0.125,0.607,0.604,0.132
model.000.11.pdb,0.025,0.592,0.609,0.037,0.000,0.605,0.222,0.034,0.053,0.037,0.162,1.000,0.057,0.012,0.364,0.067,0.011,0.207,0.327,0.176,0.636,0.381,0.000,0.472,0.069,0.068,0.638,0.222,0.241,0.000
model.000.12.pdb,0.076,0.133,0.123,0.000,0.000,0.180,0.400,0.562,0.613,0.028,0.045,0.057,1.000,0.041,0.383,0.000,0.026,0.034,0.113,0.163,0.088,0.000,0.052,0.214,0.000,0.000,0.155,0.047,0.107,0.000
model.000.13.pdb,0.656,0.101,0.106,0.444,0.273,0.023,0.147,0.159,0.039,0.661,0.021,0.012,0.041,1.000,0.118,0.494,0.803,0.023,0.023,0.176,0.095,0.026,0.517,0.114,0.430,0.456,0.078,0.054,0.022,0.183
model.000.14.pdb,0.084,0.554,0.537,0.033,0.000,0.500,0.630,0.327,0.255,0.045,0.143,0.364,0.383,0.118,1.000,0.051,0.076,0.179,0.258,0.380,0.500,0.081,0.026,0.642,0.030,0.048,0.536,0.194,0.191,0.000
model.000.15.pdb,0.429,0.103,0.084,0.638,0.408,0.021,0.044,0.047,0.023,0.455,0.038,0.067,0.000,0.494,0.051,1.000,0.506,0.042,0.032,0.099,0.086,0.115,0.266,0.092,0.718,0.588,0.104,0.071,0.041,0.329
model.000.16.pdb,0.667,0.085,0.077,0.459,0.259,0.011,0.111,0.151,0.050,0.726,0.040,0.011,0.026,0.803,0.076,0.506,1.000,0.033,0.033,0.135,0.079,0.025,0.439,0.085,0.463,0.451,0.063,0.074,0.043,0.173
model.000.17.pdb,0.024,0.242,0.200,0.073,0.025,0.259,0.029,0.000,0.049,0.024,0.627,0.207,0.034,0.023,0.179,0.042,0.033,1.000,0.622,0.016,0.188,0.170,0.000,0.155,0.043,0.064,0.157,0.800,0.652,0.015
model.000.18.pdb,0.012,0.328,0.283,0.036,0.000,0.385,0.113,0.033,0.125,0.024,0.491,0.327,0.113,0.023,0.258,0.032,0.033,0.622,1.000,0.033,0.250,0.151,0.014,0.246,0.011,0.025,0.270,0.633,0.705,0.000
model.000.19.pdb,0.119,0.358,0.360,0.068,0.014,0.235,0.500,0.227,0.059,0.069,0.000,0.176,0.163,0.176,0.380,0.099,0.135,0.016,0.033,1.000,0.375,0.083,0.066,0.440,0.036,0.058,0.420,0.014,0.000,0.000
model.000.20.pdb,0.036,0.647,0.702,0.047,0.000,0.562,0.333,0.082,0.048,0.035,0.133,0.636,0.088,0.095,0.500,0.086,0.079,0.188,0.250,0.375,1.000,0.280,0.000,0.647,0.053,0.062,0.660,0.203,0.182,0.000
model.000.21.pdb,0.014,0.250,0.222,0.041,0.000,0.220,0.018,0.000,0.000,0.014,0.127,0.381,0.000,0.026,0.081,0.115,0.025,0.170,0.151,0.083,0.280,1.000,0.000,0.186,0.118,0.076,0.353,0.150,0.164,0.000
model.000.22.pdb,0.458,0.000,0.013,0.271,0.339,0.000,0.076,0.182,0.121,0.467,0.024,0.000,0.052,0.517,0.026,0.266,0.439,0.000,0.014,0.066,0.000,0.000,1.000,0.012,0.273,0.292,0.012,0.025,0.013,0.255
model.000.23.pdb,0.069,0.765,0.720,0.043,0.000,0.653,0.472,0.161,0.143,0.056,0.123,0.472,0.214,0.114,0.642,0.092,0.085,0.155,0.246,0.440,0.647,0.186,0.012,1.000,0.061,0.071,0.648,0.187,0.183,0.000
model.000.24.pdb,0.421,0.071,0.074,0.682,0.400,0.032,0.011,0.048,0.024,0.486,0.071,0.069,0.000,0.430,0.030,0.718,0.463,0.043,0.011,0.036,0.053,0.118,0.273,0.061,1.000,0.631,0.072,0.095,0.042,0.319
model.000.25.pdb,0.492,0.071,0.087,0.644,0.319,0.051,0.053,0.074,0.014,0.574,0.034,0.068,0.000,0.456,0.048,0.588,0.451,0.064,0.025,0.058,0.062,0.076,0.292,0.071,0.631,1.000,0.059,0.098,0.024,0.262
model.000.26.pdb,0.034,0.712,0.667,0.044,0.000,0.600,0.400,0.127,0.092,0.044,0.125,0.638,0.155,0.078,0.536,0.104,0.063,0.157,0.270,0.420,0.660,0.353,0.012,0.648,0.072,0.059,1.000,0.173,0.203,0.000
model.000.27.pdb,0.034,0.271,0.232,0.131,0.035,0.270,0.055,0.000,0.060,0.080,0.607,0.222,0.047,0.054,0.194,0.071,0.074,0.800,0.633,0.014,0.203,0.150,0.025,0.187,0.095,0.098,0.173,1.000,0.627,0.042
model.000.28.pdb,0.024,0.254,0.212,0.084,0.063,0.293,0.059,0.031,0.119,0.023,0.604,0.241,0.107,0.022,0.191,0.041,0.043,0.652,0.705,0.000,0.182,0.164,0.013,0.183,0.042,0.024,0.203,0.627,1.000,0.077
model.000.29.pdb,0.197,0.000,0.000,0.367,0.617,0.000,0.000,0.000,0.036,0.191,0.132,0.000,0.000,0.183,0.000,0.329,0.173,0.015,0.000,0.000,0.000,0.000,0.255,0.000,0.319,0.262,0.000,0.042,0.077,1.000
