 ,model.000.00.pdb,model.000.01.pdb,model.000.02.pdb,model.000.03.pdb,model.000.04.pdb,model.000.05.pdb,model.000.06.pdb,model.000.07.pdb,model.000.08.pdb,model.000.09.pdb,model.000.10.pdb,model.000.11.pdb,model.000.12.pdb,model.000.13.pdb,model.000.14.pdb,model.000.15.pdb,model.000.16.pdb,model.000.17.pdb,model.000.18.pdb,model.000.19.pdb,model.000.20.pdb,model.000.21.pdb,model.000.22.pdb,model.000.23.pdb,model.000.24.pdb,model.000.25.pdb,model.000.26.pdb,model.000.27.pdb,model.000.28.pdb,model.000.29.pdb
model.000.00.pdb,1.000,0.076,0.111,0.114,0.463,0.013,0.594,0.036,0.087,0.195,0.103,0.080,0.130,0.306,0.025,0.243,0.081,0.043,0.446,0.060,0.378,0.388,0.023,0.083,0.023,0.114,0.160,0.311,0.152,0.230
model.000.01.pdb,0.076,1.000,0.122,0.386,0.038,0.200,0.164,0.568,0.000,0.415,0.605,0.000,0.000,0.085,0.179,0.000,0.169,0.306,0.143,0.059,0.417,0.206,0.340,0.014,0.224,0.013,0.000,0.481,0.017,0.276
model.000.02.pdb,0.111,0.122,1.000,0.206,0.000,0.087,0.136,0.217,0.049,0.034,0.120,0.120,0.462,0.000,0.286,0.037,0.596,0.391,0.145,0.036,0.099,0.152,0.344,0.141,0.536,0.200,0.371,0.080,0.000,0.000
model.000.03.pdb,0.114,0.386,0.206,1.000,0.028,0.039,0.300,0.378,0.000,0.236,0.512,0.000,0.080,0.056,0.093,0.000,0.302,0.175,0.239,0.000,0.345,0.380,0.208,0.000,0.362,0.000,0.033,0.304,0.000,0.098
model.000.04.pdb,0.463,0.038,0.000,0.028,1.000,0.014,0.324,0.025,0.092,0.158,0.025,0.123,0.014,0.400,0.000,0.407,0.035,0.022,0.132,0.090,0.210,0.187,0.000,0.101,0.000,0.080,0.037,0.192,0.200,0.208
model.000.05.pdb,0.013,0.200,0.087,0.039,0.014,1.000,0.000,0.271,0.216,0.117,0.151,0.111,0.000,0.037,0.381,0.000,0.097,0.304,0.000,0.362,0.055,0.000,0.312,0.119,0.125,0.141,0.000,0.091,0.062,0.158
model.000.06.pdb,0.594,0.164,0.136,0.300,0.324,0.000,1.000,0.147,0.036,0.296,0.246,0.044,0.130,0.246,0.012,0.145,0.148,0.065,0.446,0.000,0.545,0.632,0.073,0.083,0.114,0.065,0.130,0.406,0.070,0.213
model.000.07.pdb,0.036,0.568,0.217,0.378,0.025,0.271,0.147,1.000,0.044,0.267,0.522,0.026,0.000,0.048,0.314,0.000,0.305,0.491,0.083,0.090,0.303,0.203,0.565,0.056,0.385,0.051,0.000,0.306,0.000,0.154
model.000.08.pdb,0.087,0.000,0.049,0.000,0.092,0.216,0.036,0.044,1.000,0.085,0.000,0.569,0.016,0.119,0.193,0.075,0.068,0.122,0.000,0.574,0.024,0.026,0.106,0.434,0.043,0.482,0.059,0.025,0.386,0.101
model.000.09.pdb,0.195,0.415,0.034,0.236,0.158,0.117,0.296,0.267,0.085,1.000,0.407,0.037,0.000,0.268,0.043,0.055,0.051,0.128,0.145,0.129,0.460,0.203,0.147,0.000,0.068,0.035,0.000,0.500,0.158,0.688
model.000.10.pdb,0.103,0.605,0.120,0.512,0.025,0.151,0.246,0.522,0.000,0.407,1.000,0.000,0.000,0.066,0.098,0.000,0.149,0.262,0.182,0.028,0.509,0.283,0.286,0.000,0.180,0.000,0.014,0.500,0.000,0.271
model.000.11.pdb,0.080,0.000,0.120,0.000,0.123,0.111,0.044,0.026,0.569,0.037,0.000,1.000,0.092,0.072,0.152,0.159,0.117,0.123,0.000,0.344,0.011,0.036,0.066,0.615,0.080,0.625,0.176,0.011,0.232,0.063
model.000.12.pdb,0.130,0.000,0.462,0.080,0.014,0.000,0.130,0.000,0.016,0.000,0.000,0.092,1.000,0.000,0.113,0.033,0.302,0.138,0.213,0.000,0.068,0.131,0.067,0.081,0.280,0.138,0.432,0.014,0.000,0.000
model.000.13.pdb,0.306,0.085,0.000,0.056,0.400,0.037,0.246,0.048,0.119,0.268,0.066,0.072,0.000,1.000,0.000,0.245,0.000,0.000,0.176,0.172,0.246,0.161,0.000,0.029,0.000,0.069,0.015,0.246,0.375,0.321
model.000.14.pdb,0.025,0.179,0.286,0.093,0.000,0.381,0.012,0.314,0.193,0.043,0.098,0.152,0.113,0.000,1.000,0.000,0.345,0.549,0.000,0.250,0.037,0.028,0.500,0.200,0.438,0.234,0.046,0.026,0.018,0.014
model.000.15.pdb,0.243,0.000,0.037,0.000,0.407,0.000,0.145,0.000,0.075,0.055,0.000,0.159,0.033,0.245,0.000,1.000,0.000,0.000,0.158,0.028,0.101,0.068,0.000,0.101,0.000,0.078,0.200,0.108,0.151,0.086
model.000.16.pdb,0.081,0.169,0.596,0.302,0.035,0.097,0.148,0.305,0.068,0.051,0.149,0.117,0.302,0.000,0.345,0.000,1.000,0.534,0.059,0.053,0.120,0.167,0.463,0.155,0.717,0.171,0.130,0.073,0.000,0.000
model.000.17.pdb,0.043,0.306,0.391,0.175,0.022,0.304,0.065,0.491,0.122,0.128,0.262,0.123,0.138,0.000,0.549,0.000,0.534,1.000,0.000,0.149,0.167,0.099,0.647,0.160,0.500,0.190,0.064,0.134,0.000,0.087
model.000.18.pdb,0.446,0.143,0.145,0.239,0.132,0.000,0.446,0.083,0.000,0.145,0.182,0.000,0.213,0.176,0.000,0.158,0.059,0.000,1.000,0.000,0.328,0.440,0.000,0.000,0.047,0.041,0.245,0.267,0.000,0.111
model.000.19.pdb,0.060,0.059,0.036,0.000,0.090,0.362,0.000,0.090,0.574,0.129,0.028,0.344,0.000,0.172,0.250,0.028,0.053,0.149,0.000,1.000,0.023,0.000,0.119,0.322,0.042,0.349,0.000,0.024,0.400,0.130
model.000.20.pdb,0.378,0.417,0.099,0.345,0.210,0.055,0.545,0.303,0.024,0.460,0.509,0.011,0.068,0.246,0.037,0.101,0.120,0.167,0.328,0.023,1.000,0.453,0.173,0.034,0.128,0.032,0.061,0.702,0.086,0.338
model.000.21.pdb,0.388,0.206,0.152,0.380,0.187,0.000,0.632,0.203,0.026,0.203,0.283,0.036,0.131,0.161,0.028,0.068,0.167,0.099,0.440,0.000,0.453,1.000,0.097,0.093,0.145,0.072,0.114,0.354,0.000,0.123
model.000.22.pdb,0.023,0.340,0.344,0.208,0.000,0.312,0.073,0.565,0.106,0.147,0.286,0.066,0.067,0.000,0.500,0.000,0.463,0.647,0.000,0.119,0.173,0.097,1.000,0.100,0.480,0.120,0.028,0.153,0.000,0.085
model.000.23.pdb,0.083,0.014,0.141,0.000,0.101,0.119,0.083,0.056,0.434,0.000,0.000,0.615,0.081,0.029,0.200,0.101,0.155,0.160,0.000,0.322,0.034,0.093,0.100,1.000,0.100,0.673,0.188,0.012,0.161,0.013
model.000.24.pdb,0.023,0.224,0.536,0.362,0.000,0.125,0.114,0.385,0.043,0.068,0.180,0.080,0.280,0.000,0.438,0.000,0.717,0.500,0.047,0.042,0.128,0.145,0.480,0.100,1.000,0.151,0.106,0.092,0.000,0.000
model.000.25.pdb,0.114,0.013,0.200,0.000,0.080,0.141,0.065,0.051,0.482,0.035,0.000,0.625,0.138,0.069,0.234,0.078,0.171,0.190,0.041,0.349,0.032,0.072,0.120,0.673,0.151,1.000,0.239,0.011,0.200,0.048
model.000.26.pdb,0.160,0.000,0.371,0.033,0.037,0.000,0.130,0.000,0.059,0.000,0.014,0.176,0.432,0.015,0.046,0.200,0.130,0.064,0.245,0.000,0.061,0.114,0.028,0.188,0.106,0.239,1.000,0.025,0.000,0.000
model.000.27.pdb,0.311,0.481,0.080,0.304,0.192,0.091,0.406,0.306,0.025,0.500,0.500,0.011,0.014,0.246,0.026,0.108,0.073,0.134,0.267,0.024,0.702,0.354,0.153,0.012,0.092,0.011,0.025,1.000,0.092,0.433
model.000.28.pdb,0.152,0.017,0.000,0.000,0.200,0.062,0.070,0.000,0.386,0.158,0.000,0.232,0.000,0.375,0.018,0.151,0.000,0.000,0.000,0.400,0.086,0.000,0.000,0.161,0.000,0.200,0.000,0.092,1.000,0.182
model.000.29.pdb,0.230,0.276,0.000,0.098,0.208,0.158,0.213,0.154,0.101,0.688,0.271,0.063,0.000,0.321,0.014,0.086,0.000,0.087,0.111,0.130,0.338,0.123,0.085,0.013,0.000,0.048,0.000,0.433,0.182,1.000
