Unnamed: 0,1190,1276,1262,1269,1202,1266,1267,1268,1260
1190,0.0,0.17,0.17,0.27,0.2,0.2,0.23,0.3,0.2
1276,0.17,0.0,0.2,0.2,0.17,0.37,0.17,0.3,0.1
1262,0.17,0.2,0.0,0.07,0.37,0.37,0.27,0.23,0.17
1269,0.27,0.2,0.07,0.0,0.33,0.17,0.37,0.3,0.27
1202,0.2,0.17,0.37,0.33,0.0,0.33,0.37,0.3,0.17
1266,0.2,0.37,0.37,0.17,0.33,0.0,0.37,0.2,0.2
1267,0.23,0.17,0.27,0.37,0.37,0.37,0.0,0.1,0.17
1268,0.3,0.3,0.23,0.3,0.3,0.2,0.1,0.0,0.2
1260,0.2,0.1,0.17,0.27,0.17,0.2,0.17,0.2,0.0
