Unnamed: 0,1190,1276,1262,1269,1202,1266,1267,1268,1260
1190,0.0,0.27,0.4,0.6,0.9,0.73,0.53,0.7,0.5
1276,0.27,0.0,0.5,0.5,0.73,0.73,0.43,0.77,0.5
1262,0.4,0.5,0.0,0.5,0.87,0.77,0.5,0.73,0.53
1269,0.6,0.5,0.5,0.0,0.8,0.67,0.7,0.8,0.63
1202,0.9,0.73,0.87,0.8,0.0,0.73,0.7,0.73,0.67
1266,0.73,0.73,0.77,0.67,0.73,0.0,0.63,0.63,0.57
1267,0.53,0.43,0.5,0.7,0.7,0.63,0.0,0.57,0.5
1268,0.7,0.77,0.73,0.8,0.73,0.63,0.57,0.0,0.37
1260,0.5,0.5,0.53,0.63,0.67,0.57,0.5,0.37,0.0
