Unnamed: 0,1190,1276,1262,1269,1202,1266,1267,1268,1260
1190,0.0,0.17,0.27,0.47,0.77,0.53,0.47,0.6,0.33
1276,0.17,0.0,0.3,0.5,0.53,0.6,0.27,0.6,0.4
1262,0.27,0.3,0.0,0.4,0.7,0.67,0.43,0.53,0.4
1269,0.47,0.5,0.4,0.0,0.67,0.47,0.63,0.7,0.5
1202,0.77,0.53,0.7,0.67,0.0,0.6,0.63,0.5,0.47
1266,0.53,0.6,0.67,0.47,0.6,0.0,0.5,0.37,0.37
1267,0.47,0.27,0.43,0.63,0.63,0.5,0.0,0.27,0.3
1268,0.6,0.6,0.53,0.7,0.5,0.37,0.27,0.0,0.3
1260,0.33,0.4,0.4,0.5,0.47,0.37,0.3,0.3,0.0
