Unnamed: 0,1190,1276,1262,1269,1202,1266,1267,1268,1260
1190,0.0,0.27,0.5,0.63,0.93,0.77,0.57,0.77,0.63
1276,0.27,0.0,0.5,0.5,0.77,0.83,0.6,0.8,0.5
1262,0.5,0.5,0.0,0.57,0.93,0.77,0.53,0.8,0.6
1269,0.63,0.5,0.57,0.0,0.93,0.67,0.73,0.83,0.67
1202,0.93,0.77,0.93,0.93,0.0,0.77,0.83,0.9,0.7
1266,0.77,0.83,0.77,0.67,0.77,0.0,0.73,0.77,0.67
1267,0.57,0.6,0.53,0.73,0.83,0.73,0.0,0.6,0.57
1268,0.77,0.8,0.8,0.83,0.9,0.77,0.6,0.0,0.57
1260,0.63,0.5,0.6,0.67,0.7,0.67,0.57,0.57,0.0
