Unnamed: 0,1190,1276,1262,1269,1202,1266,1267,1268,1260
1190,0.0,0.17,0.27,0.43,0.57,0.5,0.4,0.6,0.3
1276,0.17,0.0,0.2,0.3,0.47,0.5,0.2,0.47,0.2
1262,0.27,0.2,0.0,0.33,0.6,0.63,0.37,0.5,0.4
1269,0.43,0.3,0.33,0.0,0.6,0.33,0.57,0.63,0.4
1202,0.57,0.47,0.6,0.6,0.0,0.53,0.53,0.43,0.33
1266,0.5,0.5,0.63,0.33,0.53,0.0,0.5,0.33,0.33
1267,0.4,0.2,0.37,0.57,0.53,0.5,0.0,0.17,0.23
1268,0.6,0.47,0.5,0.63,0.43,0.33,0.17,0.0,0.27
1260,0.3,0.2,0.4,0.4,0.33,0.33,0.23,0.27,0.0
