Unnamed: 0,1190,1276,1262,1269,1202,1266,1267,1268,1260
1190,0.0,0.17,0.17,0.17,0.17,0.13,0.17,0.23,0.17
1276,0.17,0.0,0.2,0.2,0.13,0.3,0.13,0.2,0.1
1262,0.17,0.2,0.0,0.03,0.23,0.2,0.17,0.2,0.1
1269,0.17,0.2,0.03,0.0,0.2,0.1,0.2,0.2,0.27
1202,0.17,0.13,0.23,0.2,0.0,0.17,0.27,0.27,0.1
1266,0.13,0.3,0.2,0.1,0.17,0.0,0.23,0.17,0.17
1267,0.17,0.13,0.17,0.2,0.27,0.23,0.0,0.07,0.17
1268,0.23,0.2,0.2,0.2,0.27,0.17,0.07,0.0,0.13
1260,0.17,0.1,0.1,0.27,0.1,0.17,0.17,0.13,0.0
