 ,model.000.00.pdb,model.000.01.pdb,model.000.02.pdb,model.000.03.pdb,model.000.04.pdb,model.000.05.pdb,model.000.06.pdb,model.000.07.pdb,model.000.08.pdb,model.000.09.pdb,model.000.10.pdb,model.000.11.pdb,model.000.12.pdb,model.000.13.pdb,model.000.14.pdb,model.000.15.pdb,model.000.16.pdb,model.000.17.pdb,model.000.18.pdb,model.000.19.pdb,model.000.20.pdb,model.000.21.pdb,model.000.22.pdb,model.000.23.pdb,model.000.24.pdb,model.000.25.pdb,model.000.26.pdb,model.000.27.pdb,model.000.28.pdb,model.000.29.pdb
model.000.00.pdb,1.000,0.490,0.016,0.354,0.000,0.000,0.000,0.373,0.449,0.000,0.457,0.689,0.000,0.469,0.015,0.382,0.346,0.000,0.000,0.407,0.179,0.000,0.000,0.000,0.089,0.000,0.646,0.000,0.707,0.000
model.000.01.pdb,0.490,1.000,0.117,0.452,0.000,0.000,0.000,0.600,0.587,0.000,0.380,0.529,0.000,0.510,0.150,0.625,0.309,0.000,0.000,0.773,0.097,0.000,0.000,0.000,0.125,0.000,0.558,0.000,0.412,0.000
model.000.02.pdb,0.016,0.117,1.000,0.013,0.405,0.000,0.000,0.109,0.000,0.000,0.000,0.031,0.000,0.000,0.526,0.117,0.000,0.000,0.070,0.117,0.000,0.231,0.421,0.000,0.405,0.128,0.029,0.037,0.000,0.033
model.000.03.pdb,0.354,0.452,0.013,1.000,0.042,0.037,0.000,0.424,0.574,0.000,0.397,0.406,0.000,0.509,0.052,0.500,0.292,0.012,0.077,0.500,0.096,0.000,0.000,0.000,0.014,0.070,0.476,0.000,0.333,0.000
model.000.04.pdb,0.000,0.000,0.405,0.042,1.000,0.000,0.000,0.056,0.000,0.019,0.000,0.000,0.000,0.000,0.350,0.000,0.000,0.000,0.239,0.000,0.000,0.224,0.562,0.000,0.116,0.400,0.000,0.083,0.000,0.054
model.000.05.pdb,0.000,0.000,0.000,0.037,0.000,1.000,0.179,0.000,0.048,0.051,0.069,0.014,0.564,0.081,0.000,0.044,0.121,0.658,0.066,0.029,0.151,0.000,0.000,0.109,0.000,0.000,0.042,0.071,0.016,0.015
model.000.06.pdb,0.000,0.000,0.000,0.000,0.000,0.179,1.000,0.000,0.000,0.600,0.000,0.000,0.370,0.000,0.000,0.000,0.015,0.204,0.047,0.000,0.033,0.250,0.071,0.575,0.000,0.017,0.000,0.348,0.000,0.438
model.000.07.pdb,0.373,0.600,0.109,0.424,0.056,0.000,0.000,1.000,0.523,0.000,0.235,0.385,0.000,0.388,0.167,0.600,0.179,0.000,0.015,0.636,0.016,0.000,0.017,0.000,0.075,0.036,0.389,0.000,0.269,0.000
model.000.08.pdb,0.449,0.587,0.000,0.574,0.000,0.048,0.000,0.523,1.000,0.000,0.561,0.490,0.000,0.725,0.000,0.622,0.396,0.016,0.000,0.659,0.105,0.000,0.000,0.000,0.018,0.000,0.652,0.000,0.426,0.000
model.000.09.pdb,0.000,0.000,0.000,0.000,0.019,0.051,0.600,0.000,0.000,1.000,0.000,0.000,0.204,0.000,0.000,0.000,0.000,0.089,0.050,0.000,0.000,0.404,0.120,0.475,0.000,0.038,0.000,0.381,0.000,0.585
model.000.10.pdb,0.457,0.380,0.000,0.397,0.000,0.069,0.000,0.235,0.561,0.000,1.000,0.468,0.000,0.667,0.000,0.353,0.575,0.017,0.000,0.353,0.283,0.000,0.000,0.000,0.000,0.000,0.600,0.000,0.537,0.000
model.000.11.pdb,0.689,0.529,0.031,0.406,0.000,0.014,0.000,0.385,0.490,0.000,0.468,1.000,0.000,0.542,0.030,0.418,0.385,0.014,0.000,0.500,0.214,0.000,0.000,0.000,0.125,0.000,0.723,0.000,0.674,0.000
model.000.12.pdb,0.000,0.000,0.000,0.000,0.000,0.564,0.370,0.000,0.000,0.204,0.000,0.000,1.000,0.000,0.000,0.000,0.016,0.622,0.069,0.000,0.036,0.032,0.000,0.261,0.000,0.000,0.000,0.188,0.000,0.085
model.000.13.pdb,0.469,0.510,0.000,0.509,0.000,0.081,0.000,0.388,0.725,0.000,0.667,0.542,0.000,1.000,0.000,0.510,0.478,0.031,0.000,0.510,0.185,0.000,0.000,0.000,0.035,0.000,0.638,0.000,0.478,0.000
model.000.14.pdb,0.015,0.150,0.526,0.052,0.350,0.000,0.000,0.167,0.000,0.000,0.000,0.030,0.000,0.000,1.000,0.113,0.000,0.000,0.125,0.131,0.000,0.082,0.244,0.000,0.227,0.222,0.029,0.000,0.000,0.000
model.000.15.pdb,0.382,0.625,0.117,0.500,0.000,0.044,0.000,0.600,0.622,0.000,0.353,0.418,0.000,0.510,0.113,1.000,0.241,0.014,0.000,0.733,0.030,0.000,0.000,0.000,0.125,0.000,0.500,0.000,0.309,0.000
model.000.16.pdb,0.346,0.309,0.000,0.292,0.000,0.121,0.015,0.179,0.396,0.000,0.575,0.385,0.016,0.478,0.000,0.241,1.000,0.032,0.000,0.309,0.476,0.000,0.000,0.033,0.000,0.000,0.415,0.000,0.404,0.030
model.000.17.pdb,0.000,0.000,0.000,0.012,0.000,0.658,0.204,0.000,0.016,0.089,0.017,0.014,0.622,0.031,0.000,0.014,0.032,1.000,0.103,0.014,0.053,0.000,0.000,0.154,0.000,0.000,0.014,0.135,0.016,0.015
model.000.18.pdb,0.000,0.000,0.070,0.077,0.239,0.066,0.047,0.015,0.000,0.050,0.000,0.000,0.069,0.000,0.125,0.000,0.000,0.103,1.000,0.000,0.000,0.078,0.180,0.000,0.000,0.611,0.000,0.220,0.000,0.062
model.000.19.pdb,0.407,0.773,0.117,0.500,0.000,0.029,0.000,0.636,0.659,0.000,0.353,0.500,0.000,0.510,0.131,0.733,0.309,0.014,0.000,1.000,0.079,0.000,0.000,0.000,0.125,0.000,0.528,0.000,0.358,0.000
model.000.20.pdb,0.179,0.097,0.000,0.096,0.000,0.151,0.033,0.016,0.105,0.000,0.283,0.214,0.036,0.185,0.000,0.030,0.476,0.053,0.000,0.079,1.000,0.000,0.000,0.074,0.000,0.000,0.164,0.000,0.216,0.049
model.000.21.pdb,0.000,0.000,0.231,0.000,0.224,0.000,0.250,0.000,0.000,0.404,0.000,0.000,0.032,0.000,0.082,0.000,0.000,0.000,0.078,0.000,0.000,1.000,0.378,0.161,0.154,0.109,0.000,0.255,0.000,0.449
model.000.22.pdb,0.000,0.000,0.421,0.000,0.562,0.000,0.071,0.017,0.000,0.120,0.000,0.000,0.000,0.000,0.244,0.000,0.000,0.000,0.180,0.000,0.000,0.378,1.000,0.000,0.136,0.244,0.000,0.174,0.000,0.151
model.000.23.pdb,0.000,0.000,0.000,0.000,0.000,0.109,0.575,0.000,0.000,0.475,0.000,0.000,0.261,0.000,0.000,0.000,0.033,0.154,0.000,0.000,0.074,0.161,0.000,1.000,0.000,0.000,0.000,0.239,0.000,0.455
model.000.24.pdb,0.089,0.125,0.405,0.014,0.116,0.000,0.000,0.075,0.018,0.000,0.000,0.125,0.000,0.035,0.227,0.125,0.000,0.000,0.000,0.125,0.000,0.154,0.136,0.000,1.000,0.000,0.100,0.000,0.096,0.035
model.000.25.pdb,0.000,0.000,0.128,0.070,0.400,0.000,0.017,0.036,0.000,0.038,0.000,0.000,0.000,0.000,0.222,0.000,0.000,0.000,0.611,0.000,0.000,0.109,0.244,0.000,0.000,1.000,0.000,0.178,0.000,0.053
model.000.26.pdb,0.646,0.558,0.029,0.476,0.000,0.042,0.000,0.389,0.652,0.000,0.600,0.723,0.000,0.638,0.029,0.500,0.415,0.014,0.000,0.528,0.164,0.000,0.000,0.000,0.100,0.000,1.000,0.000,0.630,0.000
model.000.27.pdb,0.000,0.000,0.037,0.000,0.083,0.071,0.348,0.000,0.000,0.381,0.000,0.000,0.188,0.000,0.000,0.000,0.000,0.135,0.220,0.000,0.000,0.255,0.174,0.239,0.000,0.178,0.000,1.000,0.000,0.212
model.000.28.pdb,0.707,0.412,0.000,0.333,0.000,0.016,0.000,0.269,0.426,0.000,0.537,0.674,0.000,0.478,0.000,0.309,0.404,0.016,0.000,0.358,0.216,0.000,0.000,0.000,0.096,0.000,0.630,0.000,1.000,0.000
model.000.29.pdb,0.000,0.000,0.033,0.000,0.054,0.015,0.438,0.000,0.000,0.585,0.000,0.000,0.085,0.000,0.000,0.000,0.030,0.015,0.062,0.000,0.049,0.449,0.151,0.455,0.035,0.053,0.000,0.212,0.000,1.000
