Unnamed: 0,1190,1276,1262,1269,1202,1266,1267,1268,1245,1260
1190,0.0,0.286,0.966,0.896,0.377,0.462,0.462,0.987,1.01,0.823
1276,0.286,0.0,1.052,0.889,0.373,,0.466,0.874,1.009,0.903
1262,0.966,1.052,0.0,0.568,0.68,0.681,0.666,0.54,0.916,0.936
1269,0.896,0.889,0.568,0.0,0.811,1.291,1.267,0.998,0.567,0.789
1202,0.377,0.373,0.68,0.811,0.0,0.983,0.932,0.605,0.853,0.939
1266,0.462,0.466,0.681,1.291,0.983,0.0,0.0,1.109,0.702,0.787
1267,0.462,0.466,0.666,1.267,0.932,0.0,0.0,1.05,0.702,0.776
1268,0.987,0.874,0.54,0.998,0.605,1.109,1.05,0.0,0.807,0.819
1245,1.01,1.009,0.916,0.567,0.853,0.702,0.702,0.807,0.0,0.593
1260,0.823,0.903,0.936,0.789,0.939,0.787,0.776,0.819,0.593,0.0
